 114.00    1.18   -1.11  -12.94  417.14    1.21    0.15    0.00    0.13    0.85
 114.00    1.18   -1.11  -12.94  413.08    1.21    0.15    0.00    0.14    0.85
 114.00    1.18   -1.11  -12.87  414.38    1.21    0.15    0.00    0.12    0.85
 116.00    1.18   -1.11   -6.66  409.91    1.22    0.17    0.00    0.11    0.77
 116.00    1.18   -1.11   -6.01  410.00    1.22    0.17    0.00    0.11    0.77
 116.00    1.18   -1.11   -5.78  409.69    1.22    0.17    0.00    0.11    0.77
 118.00    1.18   -1.11   -9.67  236.25 -999.00    0.20    0.00    0.00    0.76
 118.00    1.18   -1.11   -9.37  427.89    1.17    0.20    0.00    0.09    0.85
 118.00    1.18   -1.11  -10.01  422.11    1.17    0.20    0.00    0.09    0.85
 120.00    1.18   -1.11   -7.78  433.08    1.28    0.20    0.00    0.05    0.77
 120.00    1.18   -1.11   -9.21  436.47    1.28    0.20    0.00    0.05    0.77
 120.00    1.18   -1.11   -9.49  439.96    1.28    0.20    0.00    0.05    0.77
 122.00    1.18   -1.11  -10.60  358.16    1.28    0.18    0.00    0.06    0.85
 122.00    1.18   -1.11  -10.54  363.17    1.28    0.18    0.00    0.06    0.85
 122.00    1.18   -1.11  -10.10  343.50    1.28    0.18    0.00    0.06    0.85
 124.00    1.18   -1.11   -2.94  406.16    1.26    0.28    0.00    0.05    0.85
 124.00    1.18   -1.11   -3.38  413.69    1.26    0.28    0.00    0.05    0.85
 124.00    1.18   -1.11   -3.52  440.93    1.26    0.28    0.00    0.05    0.85
 124.00    1.18   -1.11   -4.38  359.07    1.26    0.08    0.00    0.92    0.84
 124.00    1.18   -1.11   -3.39  415.54    1.26    0.08    0.00    1.78    0.84
 124.00    1.18   -1.11   -3.70  438.73    1.26    0.08    0.00    0.64    0.84
 126.00    1.18   -1.11   -4.77  418.59    1.22    0.26    0.00    0.04    0.85
 126.00    1.18   -1.11   -4.63  420.28    1.22    0.26    0.00    0.04    0.85
 126.00    1.18   -1.11   -4.74  440.04    1.22    0.26    0.00    0.04    0.85
 126.00    1.18   -1.11   -4.57  431.88    1.22    0.12    0.00    2.91    0.85
 126.00    1.18   -1.11   -4.84  436.47    1.22    0.12    0.00    2.66    0.85
 126.00    1.18   -1.11   -4.53  434.40    1.22    0.12    0.00    1.07    0.85
 128.00    1.18   -1.11   -4.87  389.92    1.19    0.23    0.00    0.04    0.85
 128.00    1.18   -1.11   -4.53  399.58    1.19    0.23    0.00    0.04    0.85
 128.00    1.18   -1.11   -4.64  400.64    1.19    0.23    0.00    0.04    0.85
 128.00    1.18   -1.11   -4.51  407.67    1.19    0.15    0.00    1.00    0.85
 128.00    1.18   -1.11   -4.47  394.53    1.19    0.15    0.00    1.56    0.85
 128.00    1.18   -1.11   -4.31  397.42    1.19    0.15    0.00    2.36    0.85
 132.00    1.18   -1.11   -5.34  485.82    1.22    0.34    0.00    0.04    0.85
 132.00    1.18   -1.11   -5.48  462.17    1.22    0.34    0.00    0.04    0.85
 132.00    1.18   -1.11   -5.25  474.99    1.22    0.34    0.00    0.04    0.85
 132.00    1.18   -1.11   -4.23  504.08    1.22    0.10    0.00    0.26    0.85
 132.00    1.18   -1.11   -5.26  466.82    1.22    0.10    0.00    0.26    0.85
 132.00    1.18   -1.11   -5.94  487.75    1.22    0.10    0.00    0.13    0.85
 134.00    1.18   -1.11   -3.80  495.04    1.18    0.40    0.00    0.04    0.85
 134.00    1.18   -1.11   -4.35  409.72    1.18    0.40    0.00    0.05    0.85
 134.00    1.18   -1.11   -4.04  452.46    1.18    0.40    0.00    0.04    0.85
 134.00    1.18   -1.11   -5.30  341.29    1.18    0.14    0.00    0.12    0.85
 136.00    1.18   -1.11   -6.69  443.30    1.18    0.32    0.00    0.04    0.85
 136.00    1.18   -1.11   -6.59  373.31    1.18    0.32    0.00    0.04    0.85
 136.00    1.18   -1.11   -6.73  356.07    1.18    0.32    0.00    0.04    0.85
 136.00    1.18   -1.11   -5.84  427.95    1.18    0.17    0.00    0.06    0.85
 136.00    1.18   -1.11   -5.43  410.80    1.18    0.17    0.00    0.13    0.85
 136.00    1.18   -1.11   -4.79  482.41    1.18    0.17    0.00    0.12    0.85
 138.00    1.18   -1.11   -2.92  499.64    1.13    0.50    0.00    0.03    0.85
 138.00    1.18   -1.11   -3.51  438.12    1.13    0.39    0.00    0.03    0.85
 138.00    1.18   -1.11   -2.94  557.18    1.13    0.39    0.00    0.06    0.85
 138.00    1.18   -1.11   -2.63  527.77    1.13    0.50    0.00    0.08    0.85
 138.00    1.18   -1.11   -2.84  486.28    1.13    0.28    0.00    0.13    0.85
 138.00    1.18   -1.11   -3.06  413.12    1.13    0.28    0.00    0.03    0.85
 138.00    1.18   -1.11   -3.51  438.57    1.13    0.28    0.00    0.03    0.85
 140.00    1.18   -1.11   -3.09  505.27    1.19    0.52    0.00    0.03    0.85
 140.00    1.18   -1.11   -3.21  442.51    1.19    0.52    0.00    0.03    0.85
 140.00    1.18   -1.11   -3.00  458.58    1.19    0.52    0.00    0.03    0.85
 140.00    1.18   -1.11   -2.56  446.15    1.19    0.29    0.00    0.14    0.85
 140.00    1.18   -1.11   -2.43  432.79    1.19    0.29    0.00    0.11    0.85
 140.00    1.18   -1.11   -2.26  433.84    1.19    0.29    0.00    0.04    0.85
 142.00    1.18   -1.11   -2.80  476.05    1.10    0.41    0.00    0.02    0.77
 142.00    1.18   -1.11   -2.13  478.12    1.10    0.41    0.00    0.02    0.77
 142.00    1.18   -1.11   -2.00  480.70    1.10    0.41    0.00    0.02    0.77
 142.00    1.18   -1.11   -1.20  483.10    1.10    0.27    0.00    0.14    0.77
 142.00    1.18   -1.11   -1.01  480.91    1.10    0.27    0.00    0.15    0.77
 142.00    1.18   -1.11   -0.67  479.01    1.10    0.27    0.00    0.10    0.77
 145.00    1.18   -1.11    0.19  410.54    1.21    0.36    0.00    0.04    0.75
 145.00    1.18   -1.11   -0.26  506.62    1.21    0.36    0.00    0.03    0.85
 145.00    1.18   -1.11    0.69  478.14    1.21    0.36    0.00    0.03    0.75
 145.00    1.18   -1.11    0.26  510.71    1.21    0.19    0.00    0.12    0.75
 145.00    1.18   -1.11    1.27  513.04    1.21    0.19    0.00    0.17    0.75
 145.00    1.18   -1.11    0.52  434.01    1.21    0.19    0.00    0.12    0.75
 147.00    1.18   -1.11    0.66  452.61    1.33    0.45    0.00    0.02    0.75
 147.00    1.18   -1.11    0.32  443.16    1.33    0.45    0.00    0.02    0.75
 147.00    1.18   -1.11    0.59  455.82    1.33    0.45    0.00    0.02    0.75
 147.00    1.18   -1.11   -0.12  395.44    1.33    0.30    0.00    0.05    0.85
 147.00    1.18   -1.11   -0.08  399.50    1.33    0.30    0.00    0.09    0.85
 147.00    1.18   -1.11    0.02  407.88    1.33    0.30    0.00    0.10    0.75
 149.00    1.18   -1.11   -1.27  646.88    1.20    0.36    0.00    0.02    0.85
 149.00    1.18   -1.11   -1.85  400.59    1.20    0.36    0.00    0.02    0.85
 149.00    1.18   -1.11   -1.51  488.10    1.20    0.36    0.00    0.02    0.85
 149.00    1.18   -1.11    0.36  580.20    1.20    0.28    0.00    0.09    0.75
 149.00    1.18   -1.11    0.59  663.85    1.20    0.28    0.00    0.05    0.75
 149.00    1.18   -1.11    0.35  607.30    1.20    0.28    0.00    0.08    0.75
 151.00    1.18   -1.11    3.81  525.98    1.28    0.34    0.00    0.03    0.75
 151.00    1.18   -1.11    3.77  465.69    1.28    0.42    0.00    0.03    0.75
 151.00    1.18   -1.11    1.90  486.87    1.28    0.42    0.00    0.03    0.75
 151.00    1.18   -1.11    1.64  531.92    1.28    0.34    0.00    0.13    0.75
 151.00    1.18   -1.11    1.64  502.87    1.28    0.27    0.00    0.11    0.75
 151.00    1.18   -1.11    1.07  488.29    1.28    0.27    0.00    0.10    0.75
 153.00    1.18   -1.11    0.03  494.68    1.37    0.27    0.00    0.04    0.68
 153.00    1.18   -1.11   -0.35  498.50    1.37    0.27    0.00    0.05    0.77
 153.00    1.18   -1.11    0.43  501.96    1.37    0.27    0.00    0.04    0.68
 153.00    1.18   -1.11    0.02  503.31    1.37    0.17    0.00    0.17    0.68
 153.00    1.18   -1.11   -0.06  501.58    1.37    0.17    0.00    0.17    0.77
 153.00    1.18   -1.11   -0.33  502.02    1.37    0.17    0.00    0.18    0.77
 155.00    1.18   -1.11    0.09  417.62    1.27    0.36    0.00    0.05    0.75
 155.00    1.18   -1.11    0.42  517.20    1.27    0.36    0.00    0.04    0.75
 155.00    1.18   -1.11    0.56  511.37    1.27    0.36    0.00    0.04    0.75
 155.00    1.18   -1.11    1.59  612.45    1.27    0.22    0.00    0.16    0.75
 155.00    1.18   -1.11    0.98  663.76    1.27    0.22    0.00    0.17    0.75
 155.00    1.18   -1.11    0.78  569.95    1.27    0.22    0.00    0.16    0.75
 157.00    1.18   -1.11    0.30  456.82    1.28    0.31    0.00    0.04    0.75
 157.00    1.18   -1.11    0.57  504.99    1.28    0.31    0.00    0.04    0.75
 157.00    1.18   -1.11    0.70  524.95    1.28    0.31    0.00    0.04    0.75
 157.00    1.18   -1.11    0.76  466.18    1.28    0.20    0.00    0.16    0.75
 157.00    1.18   -1.11    1.20  484.02    1.28    0.20    0.00    0.15    0.75
 157.00    1.18   -1.11    1.58  494.85    1.28    0.20    0.00    0.15    0.75
 159.00    1.18   -1.11   -0.94  490.30    1.20    0.40    0.00    0.06    0.85
 159.00    1.18   -1.11   -0.91  521.74    1.20    0.40    0.00    0.07    0.85
 159.00    1.18   -1.11   -0.68  490.14    1.20    0.40    0.00    0.07    0.85
 159.00    1.18   -1.11   -0.31  501.56    1.20    0.25    0.00    0.20    0.85
 159.00    1.18   -1.11   -0.31  603.52    1.20    0.25    0.00    0.17    0.85
 159.00    1.18   -1.11    0.13  517.86    1.20    0.25    0.00    0.21    0.75
 161.00    1.18   -1.11   -1.80  428.02    1.29    0.24    0.00    0.08    0.85
 161.00    1.18   -1.11   -1.64  485.06    1.29    0.32    0.00    0.08    0.85
 161.00    1.18   -1.11   -0.83  521.23    1.29    0.32    0.00    0.07    0.85
 161.00    1.18   -1.11    0.22  478.53    1.29    0.32    0.00    0.08    0.75
 161.00    1.18   -1.11   -0.70  488.71    1.29    0.18    0.00    0.29    0.85
 161.00    1.18   -1.11    0.11  472.26    1.29    0.18    0.00    0.26    0.75
 161.00    1.18   -1.11    0.48  455.30    1.29    0.18    0.00    0.35    0.75
 163.00    1.18   -1.11    0.87  551.04    1.23    0.29    0.00    0.10    0.75
 163.00    1.18   -1.11    0.87  480.45    1.23    0.29    0.00    0.12    0.75
 163.00    1.18   -1.11    0.73  506.73    1.23    0.29    0.00    0.13    0.75
 163.00    1.18   -1.11    1.58  524.96    1.23    0.17    0.00    0.58    0.75
 163.00    1.18   -1.11    0.66  527.31    1.23    0.17    0.00    0.63    0.75
 163.00    1.18   -1.11    0.36  521.04    1.23    0.17    0.00    0.64    0.75
 166.00    1.18   -1.11    3.95  447.54    1.26    0.20    0.00    0.16    0.75
 166.00    1.18   -1.11    3.84  434.88    1.26    0.20    0.00    0.11    0.75
 166.00    1.18   -1.11    3.84  428.08    1.26    0.20    0.00    0.17    0.75
 166.00    1.18   -1.11    3.35  404.45    1.26    0.07    0.00    0.77    0.72
 166.00    1.18   -1.11    3.28  353.49    1.26    0.07    0.00    1.24    0.72
 166.00    1.18   -1.11    3.55  446.85    1.26    0.07    0.00    1.91    0.72
 169.00    1.18   -1.11    0.97  460.91    1.17    0.14    0.00    0.05    0.75
 169.00    1.18   -1.11   -0.02  498.38    1.17    0.14    0.00    0.08    0.85
 169.00    1.18   -1.11   -0.84  510.71    1.17    0.14    0.00    0.08    0.85
 169.00    1.18   -1.11   -0.24  468.04    1.17    0.10    0.00    2.71    0.85
 172.00    1.18   -1.11    2.04  365.56    1.14    0.08    0.00    0.63    0.73
 172.00    1.18   -1.11    1.84  340.47    1.14    0.08    0.00    0.94    0.73
 172.00    1.18   -1.11    1.91  390.12    1.14    0.08    0.00    0.37    0.73
 175.00    1.18   -1.11    2.72  416.16    1.12    0.02    0.05    1.85    0.61
 175.00    1.18   -1.11    2.72  349.24    1.12    0.04    0.07    1.37    0.68
 175.00    1.18   -1.11    2.92  317.58    1.12    0.04    0.09    2.01    0.68
 178.00    1.18   -1.11    0.30  299.98    1.05    0.09    0.11    1.35    0.73
 178.00    1.18   -1.11    0.50  387.68    1.05    0.09    0.13    1.21    0.73
 178.00    1.18   -1.11    0.37  377.09    1.05    0.09    0.15    1.88    0.73
 184.00    1.18   -1.11    2.47  452.21    1.20    0.03    0.17    6.76    0.65
 184.00    1.18   -1.11    3.01  442.11    1.20    0.03    0.19    4.73    0.65
 184.00    1.18   -1.11    2.43  416.26    1.20    0.03    0.21    4.80    0.65
 187.00    1.18   -1.11    1.00  498.23    1.03    0.03    0.23   12.98    0.65
 187.00    1.18   -1.11    1.00  526.63    1.03    0.03    0.25   15.27    0.65
 125.00    1.18   -1.11   -2.76  359.33    1.21    0.27    0.00    0.13    0.85
 125.00    1.18   -1.11   -2.38  366.25    1.21    0.27    0.00    0.13    0.85
 125.00    1.18   -1.11   -2.45  366.34    1.21    0.27    0.00    0.13    0.85
 127.00    1.18   -1.11   -1.19  374.40    1.29    0.26    0.00    0.13    0.85
 127.00    1.18   -1.11   -2.72  367.63    1.29    0.26    0.00    0.13    0.85
 127.00    1.18   -1.11   -3.16  372.73    1.29    0.26    0.00    0.14    0.85
 130.00    1.18   -1.11   -0.61  440.64    1.14    0.49    0.00    0.08    0.77
 130.00    1.18   -1.11    1.95  447.61    1.14    0.49    0.00    0.08    0.68
 132.00    1.18   -1.11   -6.98  354.84    1.24    0.42    0.00    0.06    0.85
 132.00    1.18   -1.11   -6.57  461.44    1.24    0.42    0.00    0.06    0.85
 132.00    1.18   -1.11   -6.88  557.25    1.24    0.42    0.00    0.07    0.85
 134.00    1.18   -1.11    2.62  459.40    1.19    0.27    0.00    0.07    0.75
 134.00    1.18   -1.11    2.08  415.31    1.19    0.27    0.00    0.07    0.75
 134.00    1.18   -1.11    1.57  377.99    1.19    0.27    0.00    0.07    0.75
 139.00    1.18   -1.11    1.87  333.33    1.43    0.20    0.00    0.22    0.75
 139.00    1.18   -1.11    2.04  324.12    1.43    0.20    0.00    0.17    0.75
 139.00    1.18   -1.11    2.14  351.79    1.43    0.20    0.00    0.22    0.75
 141.00    1.18   -1.11    1.85  396.73    1.21    0.29    0.00    0.22    0.75
 141.00    1.18   -1.11    2.22  422.38    1.21    0.29    0.00    0.22    0.75
 141.00    1.18   -1.11    2.73  460.52    1.21    0.29    0.00    0.23    0.75
 144.00    1.18   -1.11    0.81  348.19    1.33    0.28    0.00    0.35    0.75
 144.00    1.18   -1.11    1.24  351.41    1.33    0.28    0.00    0.35    0.75
 144.00    1.18   -1.11    2.39  336.01    1.33    0.28    0.00    0.28    0.75
 148.00    1.18   -1.11   -0.73  479.08    1.28    0.31    0.00    0.16    0.85
 148.00    1.18   -1.11   -0.63  297.99    1.28    0.31    0.00    0.23    0.85
 148.00    1.18   -1.11   -0.66  510.88    1.28    0.31    0.00    0.19    0.85
 151.00    1.18   -1.11    0.85  492.02    1.49    0.32    0.00    0.17    0.75
 151.00    1.18   -1.11    0.85  489.56    1.49    0.32    0.00    0.17    0.75
 151.00    1.18   -1.11    0.51  489.75    1.49    0.32    0.00    0.17    0.75
 153.00    1.18   -1.11    0.44  487.28    1.36    0.29    0.00    0.22    0.75
 153.00    1.18   -1.11    0.24  511.96    1.36    0.29    0.00    0.26    0.75
 153.00    1.18   -1.11    0.13  404.01    1.36    0.29    0.00    0.25    0.75
 155.00    1.18   -1.11    9.56  470.62    1.24    0.33    0.00    0.30    0.75
 155.00    1.18   -1.11    2.83  496.91    1.24    0.33    0.00    0.36    0.75
 155.00    1.18   -1.11    4.83  471.40    1.24    0.33    0.00    0.33    0.75
 160.00    1.18   -1.11    2.04  453.03    1.32    0.18    0.00    0.41    0.68
 160.00    1.18   -1.11    7.76  446.14    1.32    0.18    0.00    0.43    0.68
 160.00    1.18   -1.11    8.26  478.68    1.32    0.18    0.00    0.51    0.68
 162.00    1.18   -1.11    2.84  423.37    1.37    0.24    0.00    0.73    0.75
 162.00    1.18   -1.11    2.70  438.18    1.37    0.24    0.00    0.77    0.75
 162.00    1.18   -1.11    3.99  274.46    1.37    0.24    0.00    0.71    0.75
 165.00    1.18   -1.11    5.19  483.94    1.49    0.10    0.00    0.95    0.74
 165.00    1.18   -1.11    8.70  485.36    1.49    0.10    0.00    1.16    0.74
 165.00    1.18   -1.11    7.37  485.21    1.49    0.10    0.00    1.16    0.74
 165.00    1.18   -1.11    7.61  485.36    1.49    0.10    0.00    1.34    0.74
 167.00    1.18   -1.11    4.15  554.69    1.40    0.08    0.05    1.60    0.73
 167.00    1.18   -1.11    4.48  537.81    1.40    0.08    0.06    1.54    0.73
 167.00    1.18   -1.11    3.98  515.91    1.40    0.08    0.07    1.51    0.73
 169.00    1.18   -1.11    7.70  479.10    1.47    0.00    0.07    2.61    0.47
 169.00    1.18   -1.11    8.28  483.16    1.47    0.00    0.08    2.70    0.47
 169.00    1.18   -1.11    4.92  488.14    1.47    0.00    0.09    2.45    0.47
 169.00    1.18   -1.11    8.23  489.84    1.47    0.00    0.10    2.48    0.47
 172.00    1.18   -1.11    1.27  166.72    1.34    0.04    0.11    3.92    0.67
 172.00    1.18   -1.11    2.09  197.94    1.34    0.04    0.11    3.83    0.67
 172.00    1.18   -1.11    1.89  173.52    1.34    0.04    0.12    3.67    0.67
 176.00    1.18   -1.11    4.27  298.13    1.29    0.03    0.13    2.92    0.66
 176.00    1.18   -1.11    5.28  294.53    1.29    0.03    0.14    4.14    0.66
 176.00    1.18   -1.11    4.39  300.88    1.29    0.03    0.15    3.93    0.66
 176.00    1.18   -1.11    2.83  350.49    1.29    0.03    0.15    3.28    0.66
 183.00    1.18   -1.11    1.57  497.48    1.19    0.02    0.16    7.77    0.60
 183.00    1.18   -1.11    1.33  497.48    1.19    0.02    0.17   10.18    0.60
 183.00    1.18   -1.11    1.20  497.48    1.19    0.02    0.18    8.14    0.60
 186.00    1.18   -1.11    5.04  495.48    1.15    0.03    0.19    7.45    0.64
 186.00    1.18   -1.11    3.34  495.48    1.15    0.03    0.19    5.30    0.64
 186.00    1.18   -1.11    3.37  495.48    1.15    0.03    0.20    7.61    0.64
 188.00    1.18   -1.11    8.82  469.99    1.07    0.02    0.21   10.52    0.52
 188.00    1.18   -1.11   10.07  469.99    1.07    0.02    0.22   10.26    0.52
 188.00    1.18   -1.11   10.74  469.99    1.07    0.02    0.23   11.22    0.52
 190.00    1.18   -1.11    1.00  387.07    1.06    0.02    0.23    9.51    0.53
 190.00    1.18   -1.11    1.00  387.07    1.06    0.02    0.24    9.34    0.53
 190.00    1.18   -1.11    1.00  387.07    1.06    0.02    0.25    8.59    0.53
 165.00    1.19   -1.07    1.00  293.74    0.90    0.00    0.00    4.83    0.45
 165.00    1.19   -1.07    1.00  249.33    0.90    0.00    0.00    4.13    0.45
 165.00    1.19   -1.07    1.00  209.31    0.90    0.00    0.00    5.64    0.45
 166.00    1.20   -1.05    1.00  454.53    1.03    0.00    0.00    9.15    0.47
 166.00    1.20   -1.05    1.00  381.44    1.03    0.00    0.00    7.91    0.47
 166.00    1.20   -1.05    1.00  343.04    1.03    0.00    0.00   10.88    0.47
 167.00    1.20   -1.01    1.00  153.63    0.70    0.07    0.05    6.17    0.72
 167.00    1.20   -1.01    1.00  134.41    0.70    0.07    0.06   14.60    0.72
 167.00    1.20   -1.01    1.00  128.79    0.70    0.07    0.06   14.35    0.72
 171.00    1.20   -1.04    1.00  176.58    0.85    0.00    0.07    5.06    0.45
 171.00    1.20   -1.04    1.00  207.85    0.85    0.00    0.08    4.03    0.45
 171.00    1.20   -1.04    1.00  198.01    0.85    0.00    0.09    8.56    0.45
 171.00    1.20   -1.04    1.00  188.23    0.85    0.00    0.09    7.52    0.45
 172.00    1.20   -1.06    1.00  230.09    0.75    0.00    0.10   14.40    0.43
 172.00    1.20   -1.06    1.00  276.59    0.75    0.00    0.11   12.28    0.43
 172.00    1.20   -1.06    1.00  251.41    0.75    0.00    0.12    9.40    0.43
 173.00    1.20   -1.09    1.00  374.42    0.62    0.00    0.12    3.37    0.42
 173.00    1.20   -1.09    1.00  370.00    0.62    0.00    0.13    5.73    0.42
 173.00    1.20   -1.09    1.00  417.85    0.62    0.00    0.14    5.01    0.42
 178.00    1.19   -1.05    1.00  148.35    0.69    0.04    0.15   10.57    0.66
 178.00    1.19   -1.05    1.00  136.42    0.69    0.04    0.15   17.89    0.66
 178.00    1.19   -1.05    1.00  143.14    0.69    0.04    0.16   20.64    0.66
 178.00    1.19   -1.05    1.00  156.18    0.69    0.04    0.17   21.56    0.66
 178.00    1.19   -1.05    1.00  177.91    0.69    0.04    0.18   16.58    0.66
 178.00    1.19   -1.05    1.00  181.01    0.69    0.04    0.18   10.67    0.66
 179.00    1.19   -1.03    1.00  443.33    0.39    0.01    0.19   15.27    0.44
 179.00    1.19   -1.03    1.00  464.92    0.39    0.01    0.20   15.86    0.44
 179.00    1.19   -1.03    1.00  421.82    0.39    0.01    0.21   16.42    0.44
 184.00    1.22   -1.09    1.00  337.11    0.69    0.13    0.21   16.15    0.75
 184.00    1.22   -1.09    1.00  327.49    0.69    0.13    0.22   13.85    0.75
 184.00    1.22   -1.09    1.00  322.34    0.69    0.13    0.23    7.97    0.75
 185.00    1.23   -1.12    1.00  340.83    0.49    0.00    0.24   20.04    0.40
 185.00    1.23   -1.12    1.00  292.64    0.49    0.00    0.24   11.34    0.40
 185.00    1.23   -1.12    1.00  370.48    0.49    0.00    0.25   31.31    0.40
 155.00    1.25   -2.90    0.77  300.05    1.15    0.08    0.00    2.99    0.73
 155.00    1.25   -2.90    0.77  294.75    1.15    0.08    0.00    1.12    0.73
 156.00    1.25   -2.90    0.80  335.71    1.17    0.05    0.00    0.76    0.70
 140.00    1.23   -2.85  -14.45  282.30    1.05    0.05    0.00    2.47    0.83
 156.00    1.25   -2.90   -0.16  258.54    1.17    0.05    0.00    5.17    0.83
 140.00    1.23   -2.85  -14.45  281.32    1.05    0.05    0.00    5.61    0.83
 156.00    1.25   -2.90   -0.16  246.32    1.17    0.05    0.00    5.05    0.83
 140.00    1.23   -2.85  -14.45  282.71    1.05    0.05    0.00    0.70    0.83
 156.00    1.25   -2.90   -0.49   15.67    1.17    0.05    0.00    3.81    0.83
 142.00    1.24   -2.88   -1.93  281.55    1.08    0.15    0.00    0.30    0.85
 156.00    1.25   -2.90   -0.49   14.81    1.17    0.05    0.00    4.87    0.83
 142.00    1.24   -2.88   -1.93  242.35    1.08    0.15    0.00    0.72    0.85
 156.00    1.25   -2.90   -0.55   12.27    1.17    0.05    0.00    1.64    0.83
 142.00    1.24   -2.88   -1.63  383.51    1.08    0.15    0.00    4.60    0.85
 156.00    1.25   -2.90   -0.64  116.67    1.17    0.05    0.00    3.42    0.83
 142.00    1.24   -2.88   -1.63  328.59    1.08    0.15    0.00    1.52    0.85
 156.00    1.25   -2.90   -0.64  133.47    1.17    0.05    0.00    7.55    0.83
 144.00    1.27   -2.90   -7.16  284.36    1.50    0.10    0.00    5.02    0.85
 156.00    1.25   -2.90    0.65  268.39    1.17    0.05    0.00    6.24    0.70
 144.00    1.27   -2.90   -7.16  271.84    1.50    0.10    0.00    2.28    0.85
 156.00    1.25   -2.90    0.65  298.39    1.17    0.05    0.00    2.67    0.70
 144.00    1.27   -2.90   -7.16  268.45    1.50    0.10    0.00    2.49    0.85
 156.00    1.25   -2.90    0.65  266.92    1.17    0.05    0.00    2.69    0.70
 144.00    1.27   -2.90   -7.11  281.72    1.50    0.10    0.00   11.38    0.85
 156.00    1.25   -2.90    0.65  437.72    1.17    0.05    0.00    6.59    0.70
 144.00    1.27   -2.90   -7.11  305.06    1.50    0.10    0.00    2.99    0.85
 156.00    1.25   -2.90   -0.07  413.68    1.17    0.05    0.00    6.25    0.83
 144.00    1.27   -2.90   -7.11  315.14    1.50    0.10    0.00    2.99    0.85
 157.00    1.25   -2.89    0.03  399.87    1.49    0.03    0.00    5.05    0.66
 146.00    1.26   -2.94   -7.55  492.52    1.41    0.08    0.00    0.70    0.85
 157.00    1.25   -2.89   -0.11  288.88    1.49    0.03    0.00    5.35    0.79
 146.00    1.26   -2.94   -7.55  434.01    1.41    0.08    0.00    1.87    0.85
 157.00    1.25   -2.89   -2.13   20.21    1.49    0.03    0.00    5.14    0.79
 146.00    1.26   -2.94   -7.55  425.08    1.41    0.08    0.00    0.91    0.85
 157.00    1.25   -2.89   -1.97  196.84    1.49    0.03    0.00    2.38    0.79
 146.00    1.26   -2.94   -7.55  443.51    1.41    0.08    0.00   24.18    0.85
 157.00    1.25   -2.89   -1.97  206.42    1.49    0.03    0.00    3.30    0.79
 146.00    1.26   -2.94   -7.55  445.02    1.41    0.08    0.00   13.74    0.85
 160.00    1.21   -2.94   -0.11  302.22    0.88    0.03    0.00   15.08    0.78
 146.00    1.26   -2.94  -11.54  442.79    1.41    0.08    0.00   11.41    0.85
 160.00    1.21   -2.94   -0.24  322.44    0.88    0.03    0.00   17.16    0.78
 148.00    1.26   -2.84   -6.08  452.84    0.97    0.06    0.00    2.45    0.83
 160.00    1.21   -2.94   -0.24  322.40    0.88    0.03    0.00   22.23    0.78
 148.00    1.26   -2.84   -6.08  459.81    0.97    0.06    0.00    0.99    0.83
 162.00    1.23   -2.94    0.53  328.27    1.18    0.09    0.00    1.51    0.74
 148.00    1.26   -2.84   -6.08  466.61    0.97    0.06    0.00    0.46    0.83
 162.00    1.23   -2.94    0.53  331.53    1.18    0.09    0.00    2.55    0.74
 148.00    1.26   -2.84   -6.80  552.16    0.97    0.06    0.00    9.01    0.83
 162.00    1.23   -2.94    0.53  333.14    1.18    0.09    0.00    1.98    0.74
 148.00    1.26   -2.84   -6.80  569.37    0.97    0.06    0.00    2.16    0.83
 148.00    1.26   -2.84   -6.80  590.82    0.97    0.06    0.00    2.42    0.83
 164.00    1.26   -2.92   -0.28  369.58    1.40    0.04    0.00    1.49    0.82
 153.00    1.26   -2.90    0.92  414.92    1.39    0.05    0.00    3.69    0.70
 164.00    1.26   -2.92   -0.28  316.36    1.40    0.04    0.00    0.67    0.82
 153.00    1.26   -2.90    0.92  405.18    1.39    0.05    0.00    2.82    0.70
 164.00    1.26   -2.92   -0.69  310.05    1.40    0.04    0.00    0.81    0.82
 153.00    1.26   -2.90    0.92  415.80    1.39    0.05    0.00    3.08    0.70
 164.00    1.26   -2.92   -0.69  445.27    1.40    0.04    0.00    1.73    0.82
 153.00    1.26   -2.90    0.92  429.73    1.39    0.05    0.00   27.74    0.70
 166.00    1.25   -2.90   -0.52  464.46    1.07    0.02    0.00    6.21    0.74
 153.00    1.26   -2.90    1.18  364.29    1.39    0.05    0.00   18.46    0.70
 166.00    1.25   -2.90   -0.52  466.86    1.07    0.02    0.00    1.75    0.74
 153.00    1.26   -2.90    1.18  353.38    1.39    0.05    0.00   17.40    0.70
 166.00    1.25   -2.90   -0.52  467.39    1.07    0.02    0.00    4.60    0.74
 154.00    1.25   -2.90    0.38  269.43    1.65    0.13    0.00    2.70    0.75
 166.00    1.25   -2.90   -0.52  503.88    1.07    0.02    0.00   20.79    0.74
 154.00    1.25   -2.90    0.38  251.26    1.65    0.13    0.00    2.70    0.75
 166.00    1.25   -2.90   -0.52  432.70    1.07    0.02    0.00   24.40    0.74
 155.00    1.25   -2.90    0.87  266.45    1.15    0.08    0.00    2.01    0.73
 166.00    1.25   -2.90   -0.52  411.46    1.07    0.02    0.00   23.85    0.74
 155.00    1.25   -2.90    1.23  245.50    1.15    0.08    0.00    2.37    0.73
 166.00    1.25   -2.90   -0.52  429.51    1.07    0.02    0.00   23.75    0.74
 155.00    1.25   -2.90    1.23  320.18    1.15    0.08    0.00    1.42    0.73
 168.00    1.25   -2.89   -0.07  383.10    1.10    0.03    0.00    6.74    0.79
 155.00    1.25   -2.90   -0.37   17.68    1.15    0.08    0.00    2.62    0.84
 168.00    1.25   -2.89   -0.07  359.08    1.10    0.03    0.00   10.63    0.79
 155.00    1.25   -2.90   -0.37   18.10    1.15    0.08    0.00    1.23    0.84
 168.00    1.25   -2.89   -0.07  416.98    1.10    0.03    0.00    8.99    0.79
 155.00    1.25   -2.90   -0.33  160.27    1.15    0.08    0.00    2.88    0.84
 168.00    1.25   -2.89   -0.07  379.37    1.10    0.03    0.00    8.99    0.79
 155.00    1.25   -2.90   -0.33  168.44    1.15    0.08    0.00    4.86    0.84
 168.00    1.25   -2.89   -0.07  434.89    1.10    0.03    0.00   20.88    0.79
 155.00    1.25   -2.90    0.05  184.74    1.15    0.08    0.00    2.96    0.73
 168.00    1.25   -2.89    0.10  414.88    1.10    0.03    0.00   29.87    0.65
 155.00    1.25   -2.90    0.05  189.35    1.15    0.08    0.00    2.69    0.73
  96.00    1.36    0.29 -999.00   68.63    0.41    0.12    0.00    0.30    0.85
  97.00    1.36    0.30   -2.90  108.75    0.40    0.22    0.00    0.90    0.85
  98.00    1.36    0.32   -2.50  158.52    0.62    0.30    0.00    0.10    0.77
 106.00    1.36    0.28  -13.70  141.77    0.56    0.08    0.00    0.60    0.77
 107.00    1.36    0.28  -12.00  207.60    0.44    0.17    0.00    0.10    0.85
 108.00    1.36    0.32   -8.00  286.99    0.69    0.30    0.00    0.80    0.85
  96.00    1.36    0.28  -13.90  217.84    0.71    0.04    0.00    0.10    0.73
  97.00    1.36    0.27  -11.10  277.44    0.56    0.02    0.00    2.80    0.64
  98.00    1.36    0.32   -7.07  356.63    0.58    0.06    0.00    0.50    0.76
  54.00    0.77    2.51 -999.00     NaN    0.48    0.09    0.00     NaN    0.84
  55.00    0.77    2.51 -999.00  340.87    0.48    0.08    0.00    0.30    0.84
  56.00    0.77    2.51 -999.00  159.36    0.47    0.06    0.00    0.30    0.82
  57.00    0.77    2.51 -999.00  606.93    0.49    0.07    0.00    0.30    0.84
  58.00    0.77    2.51 -999.00  265.83    0.55    0.07    0.00    0.40    0.76
