   hs(m)  hi(m)  ap(-)  TdEdd  Tccsm3 Tobs 
   0.15   1.21   0.00   0.50   0.17   0.13   0.00   0.00   0.00   0.00
   0.15   1.21   0.00   0.50   0.17   0.14   0.00   0.00   0.00   0.00
   0.15   1.21   0.00   0.50   0.17   0.12   0.00   0.00   0.00   0.00
   0.17   1.22   0.00   0.44   0.15   0.11   0.00   0.00   0.00   0.00
   0.17   1.22   0.00   0.44   0.15   0.11   0.00   0.00   0.00   0.00
   0.17   1.22   0.00   0.44   0.15   0.11   0.00   0.00   0.00   0.00
   0.20-999.00   0.00    NaN    Inf   0.00   0.00   0.00   0.00   0.00
   0.20   1.17   0.00   0.39   0.14   0.09   0.00   0.00   0.00   0.00
   0.20   1.17   0.00   0.39   0.14   0.09   0.00   0.00   0.00   0.00
   0.20   1.28   0.00   0.34   0.12   0.05   0.00   0.00   0.00   0.00
   0.20   1.28   0.00   0.34   0.12   0.05   0.00   0.00   0.00   0.00
   0.20   1.28   0.00   0.34   0.12   0.05   0.00   0.00   0.00   0.00
   0.18   1.28   0.00   0.39   0.13   0.06   0.00   0.00   0.00   0.00
   0.18   1.28   0.00   0.39   0.13   0.06   0.00   0.00   0.00   0.00
   0.18   1.28   0.00   0.39   0.13   0.06   0.00   0.00   0.00   0.00
   0.28   1.26   0.00   0.23   0.09   0.05   0.00   0.00   0.00   0.00
   0.28   1.26   0.00   0.23   0.09   0.05   0.00   0.00   0.00   0.00
   0.28   1.26   0.00   0.23   0.09   0.05   0.00   0.00   0.00   0.00
   0.08   1.26   0.00   0.81   0.27   0.92   0.00   0.00   0.00   0.00
   0.08   1.26   0.00   0.81   0.27   1.78   0.00   0.00   0.00   0.00
   0.08   1.26   0.00   0.81   0.27   0.64   0.00   0.00   0.00   0.00
   0.26   1.22   0.00   0.27   0.10   0.04   0.00   0.00   0.00   0.00
   0.26   1.22   0.00   0.27   0.10   0.04   0.00   0.00   0.00   0.00
   0.26   1.22   0.00   0.27   0.10   0.04   0.00   0.00   0.00   0.00
   0.12   1.22   0.00   0.61   0.21   2.91   0.00   0.00   0.00   0.00
   0.12   1.22   0.00   0.61   0.21   2.66   0.00   0.00   0.00   0.00
   0.12   1.22   0.00   0.61   0.21   1.07   0.00   0.00   0.00   0.00
   0.23   1.19   0.00   0.32   0.12   0.04   0.00   0.00   0.00   0.00
   0.23   1.19   0.00   0.32   0.12   0.04   0.00   0.00   0.00   0.00
   0.23   1.19   0.00   0.32   0.12   0.04   0.00   0.00   0.00   0.00
   0.15   1.19   0.00   0.51   0.18   1.00   0.00   0.00   0.00   0.00
   0.15   1.19   0.00   0.51   0.18   1.56   0.00   0.00   0.00   0.00
   0.15   1.19   0.00   0.51   0.18   2.36   0.00   0.00   0.00   0.00
   0.34   1.22   0.00   0.18   0.08   0.04   0.00   0.00   0.00   0.00
   0.34   1.22   0.00   0.18   0.08   0.04   0.00   0.00   0.00   0.00
   0.34   1.22   0.00   0.18   0.08   0.04   0.00   0.00   0.00   0.00
   0.10   1.22   0.00   0.71   0.24   0.26   0.00   0.00   0.00   0.00
   0.10   1.22   0.00   0.71   0.24   0.26   0.00   0.00   0.00   0.00
   0.10   1.22   0.00   0.71   0.24   0.13   0.00   0.00   0.00   0.00
   0.40   1.18   0.00   0.14   0.07   0.04   0.00   0.00   0.00   0.00
   0.40   1.18   0.00   0.14   0.07   0.05   0.00   0.00   0.00   0.00
   0.40   1.18   0.00   0.14   0.07   0.04   0.00   0.00   0.00   0.00
   0.14   1.18   0.00   0.55   0.19   0.12   0.00   0.00   0.00   0.00
   0.32   1.18   0.00   0.21   0.09   0.04   0.00   0.00   0.00   0.00
   0.32   1.18   0.00   0.21   0.09   0.04   0.00   0.00   0.00   0.00
   0.32   1.18   0.00   0.21   0.09   0.04   0.00   0.00   0.00   0.00
   0.17   1.18   0.00   0.46   0.16   0.06   0.00   0.00   0.00   0.00
   0.17   1.18   0.00   0.46   0.16   0.13   0.00   0.00   0.00   0.00
   0.17   1.18   0.00   0.46   0.16   0.12   0.00   0.00   0.00   0.00
   0.50   1.13   0.00   0.09   0.06   0.03   0.00   0.00   0.00   0.00
   0.39   1.13   0.00   0.16   0.08   0.03   0.00   0.00   0.00   0.00
   0.39   1.13   0.00   0.16   0.08   0.06   0.00   0.00   0.00   0.00
   0.50   1.13   0.00   0.09   0.06   0.08   0.00   0.00   0.00   0.00
   0.28   1.13   0.00   0.26   0.11   0.13   0.00   0.00   0.00   0.00
   0.28   1.13   0.00   0.26   0.11   0.03   0.00   0.00   0.00   0.00
   0.28   1.13   0.00   0.26   0.11   0.03   0.00   0.00   0.00   0.00
   0.52   1.19   0.00   0.08   0.06   0.03   0.00   0.00   0.00   0.00
   0.52   1.19   0.00   0.08   0.06   0.03   0.00   0.00   0.00   0.00
   0.52   1.19   0.00   0.08   0.06   0.03   0.00   0.00   0.00   0.00
   0.29   1.19   0.00   0.24   0.10   0.14   0.00   0.00   0.00   0.00
   0.29   1.19   0.00   0.24   0.10   0.11   0.00   0.00   0.00   0.00
   0.29   1.19   0.00   0.24   0.10   0.04   0.00   0.00   0.00   0.00
   0.41   1.10   0.00   0.15   0.08   0.02   0.00   0.00   0.00   0.00
   0.41   1.10   0.00   0.15   0.08   0.02   0.00   0.00   0.00   0.00
   0.41   1.10   0.00   0.15   0.08   0.02   0.00   0.00   0.00   0.00
   0.27   1.10   0.00   0.41   0.12   0.14   0.00   0.00   0.00   0.00
   0.27   1.10   0.00   0.48   0.12   0.15   0.00   0.00   0.00   0.00
   0.27   1.10   0.00   0.60   0.13   0.10   0.00   0.00   0.00   0.00
   0.36   1.21   0.00   0.54   0.11   0.04   0.00   0.00   0.00   0.00
   0.36   1.21   0.00   0.48   0.10   0.03   0.00   0.00   0.00   0.00
   0.36   1.21   0.00   0.54   0.12   0.03   0.00   0.00   0.00   0.00
   0.19   1.21   0.00   0.96   0.20   0.12   0.00   0.00   0.00   0.00
   0.19   1.21   0.00   0.96   0.25   0.17   0.00   0.00   0.00   0.00
   0.19   1.21   0.00   0.96   0.21   0.12   0.00   0.00   0.00   0.00
   0.45   1.33   0.00   0.37   0.08   0.02   0.00   0.00   0.00   0.00
   0.45   1.33   0.00   0.37   0.08   0.02   0.00   0.00   0.00   0.00
   0.45   1.33   0.00   0.37   0.08   0.02   0.00   0.00   0.00   0.00
   0.30   1.33   0.00   0.55   0.10   0.05   0.00   0.00   0.00   0.00
   0.30   1.33   0.00   0.55   0.10   0.09   0.00   0.00   0.00   0.00
   0.30   1.33   0.00   0.57   0.10   0.10   0.00   0.00   0.00   0.00
   0.36   1.20   0.00   0.23   0.08   0.02   0.00   0.00   0.00   0.00
   0.36   1.20   0.00   0.17   0.08   0.02   0.00   0.00   0.00   0.00
   0.36   1.20   0.00   0.17   0.08   0.02   0.00   0.00   0.00   0.00
   0.28   1.20   0.00   0.71   0.15   0.09   0.00   0.00   0.00   0.00
   0.28   1.20   0.00   0.71   0.15   0.05   0.00   0.00   0.00   0.00
   0.28   1.20   0.00   0.71   0.15   0.08   0.00   0.00   0.00   0.00
   0.34   1.28   0.00   0.53   0.20   0.03   0.00   0.00   0.00   0.00
   0.42   1.28   0.00   0.42   0.16   0.03   0.00   0.00   0.00   0.00
   0.42   1.28   0.00   0.42   0.12   0.03   0.00   0.00   0.00   0.00
   0.34   1.28   0.00   0.53   0.14   0.13   0.00   0.00   0.00   0.00
   0.27   1.28   0.00   0.67   0.17   0.11   0.00   0.00   0.00   0.00
   0.27   1.28   0.00   0.67   0.16   0.10   0.00   0.00   0.00   0.00
   0.27   1.37   0.00   0.60   0.11   0.04   0.00   0.00   0.00   0.00
   0.27   1.37   0.00   0.53   0.10   0.05   0.00   0.00   0.00   0.00
   0.27   1.37   0.00   0.60   0.12   0.04   0.00   0.00   0.00   0.00
   0.17   1.37   0.00   0.87   0.17   0.17   0.00   0.00   0.00   0.00
   0.17   1.37   0.00   0.85   0.16   0.17   0.00   0.00   0.00   0.00
   0.17   1.37   0.00   0.78   0.15   0.18   0.00   0.00   0.00   0.00
   0.36   1.27   0.00   0.51   0.10   0.05   0.00   0.00   0.00   0.00
   0.36   1.27   0.00   0.51   0.11   0.04   0.00   0.00   0.00   0.00
   0.36   1.27   0.00   0.51   0.11   0.04   0.00   0.00   0.00   0.00
   0.22   1.27   0.00   0.80   0.21   0.16   0.00   0.00   0.00   0.00
   0.22   1.27   0.00   0.80   0.19   0.17   0.00   0.00   0.00   0.00
   0.22   1.27   0.00   0.80   0.18   0.16   0.00   0.00   0.00   0.00
   0.31   1.28   0.00   0.59   0.12   0.04   0.00   0.00   0.00   0.00
   0.31   1.28   0.00   0.59   0.12   0.04   0.00   0.00   0.00   0.00
   0.31   1.28   0.00   0.59   0.13   0.04   0.00   0.00   0.00   0.00
   0.20   1.28   0.00   0.86   0.19   0.16   0.00   0.00   0.00   0.00
   0.20   1.28   0.00   0.86   0.21   0.15   0.00   0.00   0.00   0.00
   0.20   1.28   0.00   0.86   0.23   0.15   0.00   0.00   0.00   0.00
   0.40   1.20   0.00   0.28   0.07   0.06   0.00   0.00   0.00   0.00
   0.40   1.20   0.00   0.28   0.07   0.07   0.00   0.00   0.00   0.00
   0.40   1.20   0.00   0.34   0.08   0.07   0.00   0.00   0.00   0.00
   0.25   1.20   0.00   0.70   0.14   0.20   0.00   0.00   0.00   0.00
   0.25   1.20   0.00   0.70   0.14   0.17   0.00   0.00   0.00   0.00
   0.25   1.20   0.00   0.78   0.15   0.21   0.00   0.00   0.00   0.00
   0.24   1.29   0.00   0.27   0.10   0.08   0.00   0.00   0.00   0.00
   0.32   1.29   0.00   0.18   0.08   0.08   0.00   0.00   0.00   0.00
   0.32   1.29   0.00   0.37   0.08   0.07   0.00   0.00   0.00   0.00
   0.32   1.29   0.00   0.56   0.11   0.08   0.00   0.00   0.00   0.00
   0.18   1.29   0.00   0.70   0.15   0.29   0.00   0.00   0.00   0.00
   0.18   1.29   0.00   0.91   0.18   0.26   0.00   0.00   0.00   0.00
   0.18   1.29   0.00   0.91   0.20   0.35   0.00   0.00   0.00   0.00
   0.29   1.23   0.00   0.66   0.15   0.10   0.00   0.00   0.00   0.00
   0.29   1.23   0.00   0.66   0.15   0.12   0.00   0.00   0.00   0.00
   0.29   1.23   0.00   0.66   0.15   0.13   0.00   0.00   0.00   0.00
   0.17   1.23   0.00   1.02   0.28   0.58   0.00   0.00   0.00   0.00
   0.17   1.23   0.00   1.02   0.24   0.63   0.00   0.00   0.00   0.00
   0.17   1.23   0.00   1.02   0.22   0.64   0.00   0.00   0.00   0.00
   0.20   1.26   0.00   0.88   0.34   0.16   0.00   0.00   0.00   0.00
   0.20   1.26   0.00   0.88   0.33   0.11   0.00   0.00   0.00   0.00
   0.20   1.26   0.00   0.88   0.33   0.17   0.00   0.00   0.00   0.00
   0.07   1.26   0.00   1.58   0.76   0.77   0.00   0.00   0.00   0.00
   0.07   1.26   0.00   1.58   0.75   1.24   0.00   0.00   0.00   0.00
   0.07   1.26   0.00   1.58   0.78   1.91   0.00   0.00   0.00   0.00
   0.14   1.17   0.00   1.24   0.33   0.05   0.00   0.00   0.00   0.00
   0.14   1.17   0.00   1.24   0.26   0.08   0.00   0.00   0.00   0.00
   0.14   1.17   0.00   0.92   0.21   0.08   0.00   0.00   0.00   0.00
   0.10   1.17   0.00   1.42   0.33   2.71   0.00   0.00   0.00   0.00
   0.08   1.14   0.00   1.74   0.66   0.63   0.00   0.00   0.00   0.00
   0.08   1.14   0.00   1.74   0.64   0.94   0.00   0.00   0.00   0.00
   0.08   1.14   0.00   1.74   0.65   0.37   0.00   0.00   0.00   0.00
   0.02   1.12   0.05   2.81   1.89   1.85   0.00   0.00   0.00   0.00
   0.04   1.12   0.07   2.28   1.26   1.37   0.00   0.00   0.00   0.00
   0.04   1.12   0.09   2.28   1.30   2.01   0.00   0.00   0.00   0.00
   0.09   1.05   0.11   1.83   0.48   1.35   0.00   0.00   0.00   0.00
   0.09   1.05   0.13   1.83   0.51   1.21   0.00   0.00   0.00   0.00
   0.09   1.05   0.15   1.83   0.49   1.88   0.00   0.00   0.00   0.00
   0.03   1.20   0.17   2.20   1.30   6.76   0.00   0.00   0.00   0.00
   0.03   1.20   0.19   2.20   1.41   4.73   0.00   0.00   0.00   0.00
   0.03   1.20   0.21   2.20   1.30   4.80   0.00   0.00   0.00   0.00
   0.03   1.03   0.23   2.76   1.27  12.98   0.00   0.00   0.00   0.00
   0.03   1.03   0.25   2.76   1.27  15.27   0.00   0.00   0.00   0.00
   0.27   1.21   0.00   0.26   0.10   0.13   0.00   0.00   0.00   0.00
   0.27   1.21   0.00   0.26   0.10   0.13   0.00   0.00   0.00   0.00
   0.27   1.21   0.00   0.26   0.10   0.13   0.00   0.00   0.00   0.00
   0.26   1.29   0.00   0.35   0.09   0.13   0.00   0.00   0.00   0.00
   0.26   1.29   0.00   0.25   0.09   0.13   0.00   0.00   0.00   0.00
   0.26   1.29   0.00   0.25   0.09   0.14   0.00   0.00   0.00   0.00
   0.49   1.14   0.00   0.28   0.07   0.08   0.00   0.00   0.00   0.00
   0.49   1.14   0.00   0.40   0.13   0.08   0.00   0.00   0.00   0.00
   0.42   1.24   0.00   0.12   0.06   0.06   0.00   0.00   0.00   0.00
   0.42   1.24   0.00   0.12   0.06   0.06   0.00   0.00   0.00   0.00
   0.42   1.24   0.00   0.12   0.06   0.07   0.00   0.00   0.00   0.00
   0.27   1.19   0.00   0.74   0.23   0.07   0.00   0.00   0.00   0.00
   0.27   1.19   0.00   0.74   0.21   0.07   0.00   0.00   0.00   0.00
   0.27   1.19   0.00   0.74   0.20   0.07   0.00   0.00   0.00   0.00
   0.20   1.43   0.00   0.72   0.19   0.22   0.00   0.00   0.00   0.00
   0.20   1.43   0.00   0.72   0.20   0.17   0.00   0.00   0.00   0.00
   0.20   1.43   0.00   0.72   0.20   0.22   0.00   0.00   0.00   0.00
   0.29   1.21   0.00   0.68   0.19   0.22   0.00   0.00   0.00   0.00
   0.29   1.21   0.00   0.68   0.20   0.22   0.00   0.00   0.00   0.00
   0.29   1.21   0.00   0.68   0.22   0.23   0.00   0.00   0.00   0.00
   0.28   1.33   0.00   0.61   0.13   0.35   0.00   0.00   0.00   0.00
   0.28   1.33   0.00   0.61   0.15   0.35   0.00   0.00   0.00   0.00
   0.28   1.33   0.00   0.61   0.18   0.28   0.00   0.00   0.00   0.00
   0.31   1.28   0.00   0.41   0.09   0.16   0.00   0.00   0.00   0.00
   0.31   1.28   0.00   0.44   0.09   0.23   0.00   0.00   0.00   0.00
   0.31   1.28   0.00   0.43   0.09   0.19   0.00   0.00   0.00   0.00
   0.32   1.49   0.00   0.45   0.10   0.17   0.00   0.00   0.00   0.00
   0.32   1.49   0.00   0.45   0.10   0.17   0.00   0.00   0.00   0.00
   0.32   1.49   0.00   0.45   0.09   0.17   0.00   0.00   0.00   0.00
   0.29   1.36   0.00   0.57   0.11   0.22   0.00   0.00   0.00   0.00
   0.29   1.36   0.00   0.57   0.11   0.26   0.00   0.00   0.00   0.00
   0.29   1.36   0.00   0.57   0.11   0.25   0.00   0.00   0.00   0.00
   0.33   1.24   0.00   0.58   0.34   0.30   0.00   0.00   0.00   0.00
   0.33   1.24   0.00   0.58   0.19   0.36   0.00   0.00   0.00   0.00
   0.33   1.24   0.00   0.58   0.24   0.33   0.00   0.00   0.00   0.00
   0.18   1.32   0.00   0.88   0.26   0.41   0.00   0.00   0.00   0.00
   0.18   1.32   0.00   0.88   0.50   0.43   0.00   0.00   0.00   0.00
   0.18   1.32   0.00   0.88   0.52   0.51   0.00   0.00   0.00   0.00
   0.24   1.37   0.00   0.67   0.21   0.73   0.00   0.00   0.00   0.00
   0.24   1.37   0.00   0.67   0.20   0.77   0.00   0.00   0.00   0.00
   0.24   1.37   0.00   0.67   0.24   0.71   0.00   0.00   0.00   0.00
   0.10   1.49   0.00   1.02   0.52   0.95   0.00   0.00   0.00   0.00
   0.10   1.49   0.00   1.02   0.71   1.16   0.00   0.00   0.00   0.00
   0.10   1.49   0.00   1.02   0.64   1.16   0.00   0.00   0.00   0.00
   0.10   1.49   0.00   1.02   0.65   1.34   0.00   0.00   0.00   0.00
   0.08   1.40   0.05   1.26   0.62   1.60   0.00   0.00   0.00   0.00
   0.08   1.40   0.06   1.26   0.65   1.54   0.00   0.00   0.00   0.00
   0.08   1.40   0.07   1.26   0.61   1.51   0.00   0.00   0.00   0.00
   0.00   1.47   0.07   1.91   4.06   2.61   0.00   0.00   0.00   0.00
   0.00   1.47   0.08   1.91   4.26   2.70   0.00   0.00   0.00   0.00
   0.00   1.47   0.09   1.91   3.09   2.45   0.00   0.00   0.00   0.00
   0.00   1.47   0.10   1.91   4.24   2.48   0.00   0.00   0.00   0.00
   0.04   1.34   0.11   1.71   0.73   3.92   0.00   0.00   0.00   0.00
   0.04   1.34   0.11   1.71   0.84   3.83   0.00   0.00   0.00   0.00
   0.04   1.34   0.12   1.71   0.81   3.67   0.00   0.00   0.00   0.00
   0.03   1.29   0.13   1.95   1.47   2.92   0.00   0.00   0.00   0.00
   0.03   1.29   0.14   1.95   1.65   4.14   0.00   0.00   0.00   0.00
   0.03   1.29   0.15   1.95   1.49   3.93   0.00   0.00   0.00   0.00
   0.03   1.29   0.15   1.95   1.21   3.28   0.00   0.00   0.00   0.00
   0.02   1.19   0.16   2.55   1.42   7.77   0.00   0.00   0.00   0.00
   0.02   1.19   0.17   2.55   1.36  10.18   0.00   0.00   0.00   0.00
   0.02   1.19   0.18   2.55   1.32   8.14   0.00   0.00   0.00   0.00
   0.03   1.15   0.19   2.35   1.96   7.45   0.00   0.00   0.00   0.00
   0.03   1.15   0.19   2.35   1.59   5.30   0.00   0.00   0.00   0.00
   0.03   1.15   0.20   2.35   1.59   7.61   0.00   0.00   0.00   0.00
   0.02   1.07   0.21   3.01   3.82  10.52   0.00   0.00   0.00   0.00
   0.02   1.07   0.22   3.01   3.82  10.26   0.00   0.00   0.00   0.00
   0.02   1.07   0.23   3.01   3.82  11.22   0.00   0.00   0.00   0.00
   0.02   1.06   0.23   3.05   1.53   9.51   0.00   0.00   0.00   0.00
   0.02   1.06   0.24   3.05   1.53   9.34   0.00   0.00   0.00   0.00
   0.02   1.06   0.25   3.05   1.53   8.59   0.00   0.00   0.00   0.00
   0.00   0.90   0.00   4.37   3.82   4.83   0.00   0.00   0.00   0.00
   0.00   0.90   0.00   4.37   3.82   4.13   0.00   0.00   0.00   0.00
   0.00   0.90   0.00   4.37   3.82   5.64   0.00   0.00   0.00   0.00
   0.00   1.03   0.00   3.61   3.18   9.15   0.00   0.00   0.00   0.00
   0.00   1.03   0.00   3.61   3.18   7.91   0.00   0.00   0.00   0.00
   0.00   1.03   0.00   3.61   3.18  10.88   0.00   0.00   0.00   0.00
   0.07   0.70   0.05   3.20   1.12   6.17   0.00   0.00   0.00   0.00
   0.07   0.70   0.06   3.20   1.12  14.60   0.00   0.00   0.00   0.00
   0.07   0.70   0.06   3.20   1.12  14.35   0.00   0.00   0.00   0.00
   0.00   0.85   0.07   4.72   4.10   5.06   0.00   0.00   0.00   0.00
   0.00   0.85   0.08   4.72   4.10   4.03   0.00   0.00   0.00   0.00
   0.00   0.85   0.09   4.72   4.10   8.56   0.00   0.00   0.00   0.00
   0.00   0.85   0.09   4.72   4.10   7.52   0.00   0.00   0.00   0.00
   0.00   0.75   0.10   5.47   4.71  14.40   0.00   0.00   0.00   0.00
   0.00   0.75   0.11   5.47   4.71  12.28   0.00   0.00   0.00   0.00
   0.00   0.75   0.12   5.47   4.71   9.40   0.00   0.00   0.00   0.00
   0.00   0.62   0.12   6.66   5.65   3.37   0.00   0.00   0.00   0.00
   0.00   0.62   0.13   6.66   5.65   5.73   0.00   0.00   0.00   0.00
   0.00   0.62   0.14   6.66   5.65   5.01   0.00   0.00   0.00   0.00
   0.04   0.69   0.15   4.03   1.71  10.57   0.00   0.00   0.00   0.00
   0.04   0.69   0.15   4.03   1.71  17.89   0.00   0.00   0.00   0.00
   0.04   0.69   0.16   4.03   1.71  20.64   0.00   0.00   0.00   0.00
   0.04   0.69   0.17   4.03   1.71  21.56   0.00   0.00   0.00   0.00
   0.04   0.69   0.18   4.03   1.71  16.58   0.00   0.00   0.00   0.00
   0.04   0.69   0.18   4.03   1.71  10.67   0.00   0.00   0.00   0.00
   0.01   0.39   0.19   9.42   5.20  15.27   0.00   0.00   0.00   0.00
   0.01   0.39   0.20   9.42   5.20  15.86   0.00   0.00   0.00   0.00
   0.01   0.39   0.21   9.42   5.20  16.42   0.00   0.00   0.00   0.00
   0.13   0.69   0.21   2.25   0.68  16.15   0.00   0.00   0.00   0.00
   0.13   0.69   0.22   2.25   0.68  13.85   0.00   0.00   0.00   0.00
   0.13   0.69   0.23   2.25   0.68   7.97   0.00   0.00   0.00   0.00
   0.00   0.49   0.24   8.14   6.78  20.04   0.00   0.00   0.00   0.00
   0.00   0.49   0.24   8.14   6.78  11.34   0.00   0.00   0.00   0.00
   0.00   0.49   0.25   8.14   6.78  31.31   0.00   0.00   0.00   0.00
   0.08   1.15   0.00   1.58   0.51   2.99   0.00   0.00   0.00   0.00
   0.08   1.15   0.00   1.58   0.51   1.12   0.00   0.00   0.00   0.00
   0.05   1.17   0.00   1.84   0.72   0.76   0.00   0.00   0.00   0.00
   0.05   1.05   0.00   1.29   0.53   2.47   0.00   0.00   0.00   0.00
   0.05   1.17   0.00   1.79   0.57   5.17   0.00   0.00   0.00   0.00
   0.05   1.05   0.00   1.29   0.53   5.61   0.00   0.00   0.00   0.00
   0.05   1.17   0.00   1.79   0.57   5.05   0.00   0.00   0.00   0.00
   0.05   1.05   0.00   1.29   0.53   0.70   0.00   0.00   0.00   0.00
   0.05   1.17   0.00   1.69   0.52   3.81   0.00   0.00   0.00   0.00
   0.15   1.08   0.00   0.53   0.21   0.30   0.00   0.00   0.00   0.00
   0.05   1.17   0.00   1.69   0.52   4.87   0.00   0.00   0.00   0.00
   0.15   1.08   0.00   0.53   0.21   0.72   0.00   0.00   0.00   0.00
   0.05   1.17   0.00   1.67   0.51   1.64   0.00   0.00   0.00   0.00
   0.15   1.08   0.00   0.53   0.21   4.60   0.00   0.00   0.00   0.00
   0.05   1.17   0.00   1.63   0.50   3.42   0.00   0.00   0.00   0.00
   0.15   1.08   0.00   0.53   0.21   1.52   0.00   0.00   0.00   0.00
   0.05   1.17   0.00   1.63   0.50   7.55   0.00   0.00   0.00   0.00
   0.10   1.50   0.00   0.48   0.16   5.02   0.00   0.00   0.00   0.00
   0.05   1.17   0.00   1.84   0.69   6.24   0.00   0.00   0.00   0.00
   0.10   1.50   0.00   0.48   0.16   2.28   0.00   0.00   0.00   0.00
   0.05   1.17   0.00   1.84   0.69   2.67   0.00   0.00   0.00   0.00
   0.10   1.50   0.00   0.48   0.16   2.49   0.00   0.00   0.00   0.00
   0.05   1.17   0.00   1.84   0.69   2.69   0.00   0.00   0.00   0.00
   0.10   1.50   0.00   0.48   0.16  11.38   0.00   0.00   0.00   0.00
   0.05   1.17   0.00   1.84   0.69   6.59   0.00   0.00   0.00   0.00
   0.10   1.50   0.00   0.48   0.16   2.99   0.00   0.00   0.00   0.00
   0.05   1.17   0.00   1.82   0.59   6.25   0.00   0.00   0.00   0.00
   0.10   1.50   0.00   0.48   0.16   2.99   0.00   0.00   0.00   0.00
   0.03   1.49   0.00   1.37   0.54   5.05   0.00   0.00   0.00   0.00
   0.08   1.41   0.00   0.63   0.22   0.70   0.00   0.00   0.00   0.00
   0.03   1.49   0.00   1.36   0.52   5.35   0.00   0.00   0.00   0.00
   0.08   1.41   0.00   0.63   0.22   1.87   0.00   0.00   0.00   0.00
   0.03   1.49   0.00   0.99   0.40   5.14   0.00   0.00   0.00   0.00
   0.08   1.41   0.00   0.63   0.22   0.91   0.00   0.00   0.00   0.00
   0.03   1.49   0.00   0.99   0.40   2.38   0.00   0.00   0.00   0.00
   0.08   1.41   0.00   0.63   0.22  24.18   0.00   0.00   0.00   0.00
   0.03   1.49   0.00   0.99   0.40   3.30   0.00   0.00   0.00   0.00
   0.08   1.41   0.00   0.63   0.22  13.74   0.00   0.00   0.00   0.00
   0.03   0.88   0.00   3.06   1.22  15.08   0.00   0.00   0.00   0.00
   0.08   1.41   0.00   0.63   0.22  11.41   0.00   0.00   0.00   0.00
   0.03   0.88   0.00   3.01   1.18  17.16   0.00   0.00   0.00   0.00
   0.06   0.97   0.00   1.26   0.51   2.45   0.00   0.00   0.00   0.00
   0.03   0.88   0.00   3.01   1.18  22.23   0.00   0.00   0.00   0.00
   0.06   0.97   0.00   1.26   0.51   0.99   0.00   0.00   0.00   0.00
   0.09   1.18   0.00   1.44   0.42   1.51   0.00   0.00   0.00   0.00
   0.06   0.97   0.00   1.26   0.51   0.46   0.00   0.00   0.00   0.00
   0.09   1.18   0.00   1.44   0.42   2.55   0.00   0.00   0.00   0.00
   0.06   0.97   0.00   1.26   0.51   9.01   0.00   0.00   0.00   0.00
   0.09   1.18   0.00   1.44   0.42   1.98   0.00   0.00   0.00   0.00
   0.06   0.97   0.00   1.26   0.51   2.16   0.00   0.00   0.00   0.00
   0.06   0.97   0.00   1.26   0.51   2.42   0.00   0.00   0.00   0.00
   0.04   1.40   0.00   1.40   0.47   1.49   0.00   0.00   0.00   0.00
   0.05   1.39   0.00   1.38   0.54   3.69   0.00   0.00   0.00   0.00
   0.04   1.40   0.00   1.40   0.47   0.67   0.00   0.00   0.00   0.00
   0.05   1.39   0.00   1.38   0.54   2.82   0.00   0.00   0.00   0.00
   0.04   1.40   0.00   1.31   0.42   0.81   0.00   0.00   0.00   0.00
   0.05   1.39   0.00   1.38   0.54   3.08   0.00   0.00   0.00   0.00
   0.04   1.40   0.00   1.31   0.42   1.73   0.00   0.00   0.00   0.00
   0.05   1.39   0.00   1.38   0.54  27.74   0.00   0.00   0.00   0.00
   0.02   1.07   0.00   2.69   1.04   6.21   0.00   0.00   0.00   0.00
   0.05   1.39   0.00   1.38   0.57  18.46   0.00   0.00   0.00   0.00
   0.02   1.07   0.00   2.69   1.04   1.75   0.00   0.00   0.00   0.00
   0.05   1.39   0.00   1.38   0.57  17.40   0.00   0.00   0.00   0.00
   0.02   1.07   0.00   2.69   1.04   4.60   0.00   0.00   0.00   0.00
   0.13   1.65   0.00   0.68   0.16   2.70   0.00   0.00   0.00   0.00
   0.02   1.07   0.00   2.69   1.04  20.79   0.00   0.00   0.00   0.00
   0.13   1.65   0.00   0.68   0.16   2.70   0.00   0.00   0.00   0.00
   0.02   1.07   0.00   2.69   1.04  24.40   0.00   0.00   0.00   0.00
   0.08   1.15   0.00   1.58   0.52   2.01   0.00   0.00   0.00   0.00
   0.02   1.07   0.00   2.69   1.04  23.85   0.00   0.00   0.00   0.00
   0.08   1.15   0.00   1.58   0.56   2.37   0.00   0.00   0.00   0.00
   0.02   1.07   0.00   2.69   1.04  23.75   0.00   0.00   0.00   0.00
   0.08   1.15   0.00   1.58   0.56   1.42   0.00   0.00   0.00   0.00
   0.03   1.10   0.00   2.29   0.90   6.74   0.00   0.00   0.00   0.00
   0.08   1.15   0.00   1.45   0.39   2.62   0.00   0.00   0.00   0.00
   0.03   1.10   0.00   2.29   0.90  10.63   0.00   0.00   0.00   0.00
   0.08   1.15   0.00   1.45   0.39   1.23   0.00   0.00   0.00   0.00
   0.03   1.10   0.00   2.29   0.90   8.99   0.00   0.00   0.00   0.00
   0.08   1.15   0.00   1.47   0.39   2.88   0.00   0.00   0.00   0.00
   0.03   1.10   0.00   2.29   0.90   8.99   0.00   0.00   0.00   0.00
   0.08   1.15   0.00   1.47   0.39   4.86   0.00   0.00   0.00   0.00
   0.03   1.10   0.00   2.29   0.90  20.88   0.00   0.00   0.00   0.00
   0.08   1.15   0.00   1.58   0.43   2.96   0.00   0.00   0.00   0.00
   0.03   1.10   0.00   2.31   0.94  29.87   0.00   0.00   0.00   0.00
   0.08   1.15   0.00   1.58   0.43   2.69   0.00   0.00   0.00   0.00
   0.12   0.41   0.00   1.38   0.64   0.30   0.00   0.00   0.00   0.00
   0.22   0.40   0.00   0.72   0.38   0.90   0.00   0.00   0.00   0.00
   0.30   0.62   0.00   0.40   0.21   0.10   0.00   0.00   0.00   0.00
   0.08   0.56   0.00   1.72   0.73   0.60   0.00   0.00   0.00   0.00
   0.17   0.44   0.00   0.95   0.46   0.10   0.00   0.00   0.00   0.00
   0.30   0.69   0.00   0.37   0.19   0.80   0.00   0.00   0.00   0.00
   0.04   0.71   0.00   2.40   0.99   0.10   0.00   0.00   0.00   0.00
   0.02   0.56   0.00   5.23   1.83   2.80   0.00   0.00   0.00   0.00
   0.06   0.58   0.00   2.11   0.89   0.50   0.00   0.00   0.00   0.00
   0.09   0.48   0.00    NaN    NaN    NaN   0.00   0.00   0.00   0.00
   0.08   0.48   0.00   1.68   0.82   0.30   0.00   0.00   0.00   0.00
   0.06   0.47   0.00   2.13   1.04   0.30   0.00   0.00   0.00   0.00
   0.07   0.49   0.00   1.85   0.90   0.30   0.00   0.00   0.00   0.00
   0.07   0.55   0.00   1.75   0.82   0.40   0.00   0.00   0.00   0.00
