   0.13   0.12   0.00   0.00   0.00   0.00   0.00   0.00   0.00   0.00
   0.14   0.12   0.00   0.00   0.00   0.00   0.00   0.00   0.00   0.00
   0.12   0.12   0.00   0.00   0.00   0.00   0.00   0.00   0.00   0.00
   0.11   0.09   0.00   0.00   0.00   0.00   0.00   0.00   0.00   0.00
   0.11   0.09   0.00   0.00   0.00   0.00   0.00   0.00   0.00   0.00
   0.11   0.09   0.00   0.00   0.00   0.00   0.00   0.00   0.00   0.00
   0.00    NaN    NaN   0.00   0.00   0.00   0.00   0.00   0.00   0.00
   0.09   0.07   0.00   0.00   0.00   0.00   0.00   0.00   0.00   0.00
   0.09   0.07   0.00   0.00   0.00   0.00   0.00   0.00   0.00   0.00
   0.05   0.07   0.00   0.00   0.00   0.00   0.00   0.00   0.00   0.00
   0.05   0.07   0.00   0.00   0.00   0.00   0.00   0.00   0.00   0.00
   0.05   0.07   0.00   0.00   0.00   0.00   0.00   0.00   0.00   0.00
   0.06   0.08   0.00   0.00   0.00   0.00   0.00   0.00   0.00   0.00
   0.06   0.08   0.00   0.00   0.00   0.00   0.00   0.00   0.00   0.00
   0.06   0.08   0.00   0.00   0.00   0.00   0.00   0.00   0.00   0.00
   0.05   0.03   0.00   0.00   0.00   0.00   0.00   0.00   0.00   0.00
   0.05   0.03   0.00   0.00   0.00   0.00   0.00   0.00   0.00   0.00
   0.05   0.03   0.00   0.00   0.00   0.00   0.00   0.00   0.00   0.00
   0.92   0.25   0.00   0.00   0.00   0.00   0.00   0.00   0.00   0.00
   1.78   0.25   0.00   0.00   0.00   0.00   0.00   0.00   0.00   0.00
   0.64   0.25   0.00   0.00   0.00   0.00   0.00   0.00   0.00   0.00
   0.04   0.04   0.00   0.00   0.00   0.00   0.00   0.00   0.00   0.00
   0.04   0.04   0.00   0.00   0.00   0.00   0.00   0.00   0.00   0.00
   0.04   0.04   0.00   0.00   0.00   0.00   0.00   0.00   0.00   0.00
   2.91   0.16   0.00   0.00   0.00   0.00   0.00   0.00   0.00   0.00
   2.66   0.16   0.00   0.00   0.00   0.00   0.00   0.00   0.00   0.00
   1.07   0.16   0.00   0.00   0.00   0.00   0.00   0.00   0.00   0.00
   0.04   0.06   0.00   0.00   0.00   0.00   0.00   0.00   0.00   0.00
   0.04   0.06   0.00   0.00   0.00   0.00   0.00   0.00   0.00   0.00
   0.04   0.06   0.00   0.00   0.00   0.00   0.00   0.00   0.00   0.00
   1.00   0.12   0.00   0.00   0.00   0.00   0.00   0.00   0.00   0.00
   1.56   0.12   0.00   0.00   0.00   0.00   0.00   0.00   0.00   0.00
   2.36   0.12   0.00   0.00   0.00   0.00   0.00   0.00   0.00   0.00
   0.04   0.00   0.00   0.00   0.00   0.00   0.00   0.00   0.00   0.00
   0.04   0.00   0.00   0.00   0.00   0.00   0.00   0.00   0.00   0.00
   0.04   0.00   0.00   0.00   0.00   0.00   0.00   0.00   0.00   0.00
   0.26   0.20   0.00   0.00   0.00   0.00   0.00   0.00   0.00   0.00
   0.26   0.20   0.00   0.00   0.00   0.00   0.00   0.00   0.00   0.00
   0.13   0.20   0.00   0.00   0.00   0.00   0.00   0.00   0.00   0.00
   0.04   0.00   0.00   0.00   0.00   0.00   0.00   0.00   0.00   0.00
   0.05   0.00   0.00   0.00   0.00   0.00   0.00   0.00   0.00   0.00
   0.04   0.00   0.00   0.00   0.00   0.00   0.00   0.00   0.00   0.00
   0.12   0.13   0.00   0.00   0.00   0.00   0.00   0.00   0.00   0.00
   0.04   0.00   0.00   0.00   0.00   0.00   0.00   0.00   0.00   0.00
   0.04   0.00   0.00   0.00   0.00   0.00   0.00   0.00   0.00   0.00
   0.04   0.00   0.00   0.00   0.00   0.00   0.00   0.00   0.00   0.00
   0.06   0.10   0.00   0.00   0.00   0.00   0.00   0.00   0.00   0.00
   0.13   0.10   0.00   0.00   0.00   0.00   0.00   0.00   0.00   0.00
   0.12   0.10   0.00   0.00   0.00   0.00   0.00   0.00   0.00   0.00
   0.03   0.00   0.00   0.00   0.00   0.00   0.00   0.00   0.00   0.00
   0.03   0.00   0.00   0.00   0.00   0.00   0.00   0.00   0.00   0.00
   0.06   0.00   0.00   0.00   0.00   0.00   0.00   0.00   0.00   0.00
   0.08   0.00   0.00   0.00   0.00   0.00   0.00   0.00   0.00   0.00
   0.13   0.04   0.00   0.00   0.00   0.00   0.00   0.00   0.00   0.00
   0.03   0.04   0.00   0.00   0.00   0.00   0.00   0.00   0.00   0.00
   0.03   0.04   0.00   0.00   0.00   0.00   0.00   0.00   0.00   0.00
   0.03   0.00   0.00   0.00   0.00   0.00   0.00   0.00   0.00   0.00
   0.03   0.00   0.00   0.00   0.00   0.00   0.00   0.00   0.00   0.00
   0.03   0.00   0.00   0.00   0.00   0.00   0.00   0.00   0.00   0.00
   0.14   0.00   0.00   0.00   0.00   0.00   0.00   0.00   0.00   0.00
   0.11   0.00   0.00   0.00   0.00   0.00   0.00   0.00   0.00   0.00
   0.04   0.00   0.00   0.00   0.00   0.00   0.00   0.00   0.00   0.00
   0.02   0.00   0.00   0.00   0.00   0.00   0.00   0.00   0.00   0.00
   0.02   0.00   0.00   0.00   0.00   0.00   0.00   0.00   0.00   0.00
   0.02   0.00   0.00   0.00   0.00   0.00   0.00   0.00   0.00   0.00
   0.14   0.22   0.00   0.00   0.00   0.00   0.00   0.00   0.00   0.00
   0.15   0.33   0.00   0.00   0.00   0.00   0.00   0.00   0.00   0.00
   0.10   0.52   0.00   0.00   0.00   0.00   0.00   0.00   0.00   0.00
   0.04   0.54   0.00   0.00   0.00   0.00   0.00   0.00   0.00   0.00
   0.03   0.46   0.00   0.00   0.00   0.00   0.00   0.00   0.00   0.00
   0.03   0.54   0.00   0.00   0.00   0.00   0.00   0.00   0.00   0.00
   0.12   0.96   0.00   0.00   0.00   0.00   0.00   0.00   0.00   0.00
   0.17   0.96   0.00   0.00   0.00   0.00   0.00   0.00   0.00   0.00
   0.12   0.96   0.00   0.00   0.00   0.00   0.00   0.00   0.00   0.00
   0.02   0.37   0.00   0.00   0.00   0.00   0.00   0.00   0.00   0.00
   0.02   0.37   0.00   0.00   0.00   0.00   0.00   0.00   0.00   0.00
   0.02   0.37   0.00   0.00   0.00   0.00   0.00   0.00   0.00   0.00
   0.05   0.54   0.00   0.00   0.00   0.00   0.00   0.00   0.00   0.00
   0.09   0.55   0.00   0.00   0.00   0.00   0.00   0.00   0.00   0.00
   0.10   0.57   0.00   0.00   0.00   0.00   0.00   0.00   0.00   0.00
   0.02   0.10   0.00   0.00   0.00   0.00   0.00   0.00   0.00   0.00
   0.02   0.00   0.00   0.00   0.00   0.00   0.00   0.00   0.00   0.00
   0.02   0.00   0.00   0.00   0.00   0.00   0.00   0.00   0.00   0.00
   0.09   0.71   0.00   0.00   0.00   0.00   0.00   0.00   0.00   0.00
   0.05   0.71   0.00   0.00   0.00   0.00   0.00   0.00   0.00   0.00
   0.08   0.71   0.00   0.00   0.00   0.00   0.00   0.00   0.00   0.00
   0.03   0.53   0.00   0.00   0.00   0.00   0.00   0.00   0.00   0.00
   0.03   0.42   0.00   0.00   0.00   0.00   0.00   0.00   0.00   0.00
   0.03   0.42   0.00   0.00   0.00   0.00   0.00   0.00   0.00   0.00
   0.13   0.53   0.00   0.00   0.00   0.00   0.00   0.00   0.00   0.00
   0.11   0.67   0.00   0.00   0.00   0.00   0.00   0.00   0.00   0.00
   0.10   0.67   0.00   0.00   0.00   0.00   0.00   0.00   0.00   0.00
   0.04   0.60   0.00   0.00   0.00   0.00   0.00   0.00   0.00   0.00
   0.05   0.50   0.00   0.00   0.00   0.00   0.00   0.00   0.00   0.00
   0.04   0.60   0.00   0.00   0.00   0.00   0.00   0.00   0.00   0.00
   0.17   0.87   0.00   0.00   0.00   0.00   0.00   0.00   0.00   0.00
   0.17   0.85   0.00   0.00   0.00   0.00   0.00   0.00   0.00   0.00
   0.18   0.75   0.00   0.00   0.00   0.00   0.00   0.00   0.00   0.00
   0.05   0.51   0.00   0.00   0.00   0.00   0.00   0.00   0.00   0.00
   0.04   0.51   0.00   0.00   0.00   0.00   0.00   0.00   0.00   0.00
   0.04   0.51   0.00   0.00   0.00   0.00   0.00   0.00   0.00   0.00
   0.16   0.80   0.00   0.00   0.00   0.00   0.00   0.00   0.00   0.00
   0.17   0.80   0.00   0.00   0.00   0.00   0.00   0.00   0.00   0.00
   0.16   0.80   0.00   0.00   0.00   0.00   0.00   0.00   0.00   0.00
   0.04   0.59   0.00   0.00   0.00   0.00   0.00   0.00   0.00   0.00
   0.04   0.59   0.00   0.00   0.00   0.00   0.00   0.00   0.00   0.00
   0.04   0.59   0.00   0.00   0.00   0.00   0.00   0.00   0.00   0.00
   0.16   0.86   0.00   0.00   0.00   0.00   0.00   0.00   0.00   0.00
   0.15   0.86   0.00   0.00   0.00   0.00   0.00   0.00   0.00   0.00
   0.15   0.86   0.00   0.00   0.00   0.00   0.00   0.00   0.00   0.00
   0.06   0.19   0.00   0.00   0.00   0.00   0.00   0.00   0.00   0.00
   0.07   0.20   0.00   0.00   0.00   0.00   0.00   0.00   0.00   0.00
   0.07   0.28   0.00   0.00   0.00   0.00   0.00   0.00   0.00   0.00
   0.20   0.66   0.00   0.00   0.00   0.00   0.00   0.00   0.00   0.00
   0.17   0.66   0.00   0.00   0.00   0.00   0.00   0.00   0.00   0.00
   0.21   0.78   0.00   0.00   0.00   0.00   0.00   0.00   0.00   0.00
   0.08   0.05   0.00   0.00   0.00   0.00   0.00   0.00   0.00   0.00
   0.08   0.00   0.00   0.00   0.00   0.00   0.00   0.00   0.00   0.00
   0.07   0.29   0.00   0.00   0.00   0.00   0.00   0.00   0.00   0.00
   0.08   0.56   0.00   0.00   0.00   0.00   0.00   0.00   0.00   0.00
   0.29   0.61   0.00   0.00   0.00   0.00   0.00   0.00   0.00   0.00
   0.26   0.91   0.00   0.00   0.00   0.00   0.00   0.00   0.00   0.00
   0.35   0.91   0.00   0.00   0.00   0.00   0.00   0.00   0.00   0.00
   0.10   0.66   0.00   0.00   0.00   0.00   0.00   0.00   0.00   0.00
   0.12   0.66   0.00   0.00   0.00   0.00   0.00   0.00   0.00   0.00
   0.13   0.66   0.00   0.00   0.00   0.00   0.00   0.00   0.00   0.00
   0.58   1.02   0.00   0.00   0.00   0.00   0.00   0.00   0.00   0.00
   0.63   1.02   0.00   0.00   0.00   0.00   0.00   0.00   0.00   0.00
   0.64   1.02   0.00   0.00   0.00   0.00   0.00   0.00   0.00   0.00
   0.16   0.88   0.00   0.00   0.00   0.00   0.00   0.00   0.00   0.00
   0.11   0.88   0.00   0.00   0.00   0.00   0.00   0.00   0.00   0.00
   0.17   0.88   0.00   0.00   0.00   0.00   0.00   0.00   0.00   0.00
   0.77   1.58   0.00   0.00   0.00   0.00   0.00   0.00   0.00   0.00
   1.24   1.58   0.00   0.00   0.00   0.00   0.00   0.00   0.00   0.00
   1.91   1.58   0.00   0.00   0.00   0.00   0.00   0.00   0.00   0.00
   0.05   1.24   0.00   0.00   0.00   0.00   0.00   0.00   0.00   0.00
   0.08   1.23   0.00   0.00   0.00   0.00   0.00   0.00   0.00   0.00
   0.08   0.76   0.00   0.00   0.00   0.00   0.00   0.00   0.00   0.00
   2.71   1.39   0.00   0.00   0.00   0.00   0.00   0.00   0.00   0.00
   0.63   1.74   0.00   0.00   0.00   0.00   0.00   0.00   0.00   0.00
   0.94   1.74   0.00   0.00   0.00   0.00   0.00   0.00   0.00   0.00
   0.37   1.74   0.00   0.00   0.00   0.00   0.00   0.00   0.00   0.00
   1.85   2.81   0.00   0.00   0.00   0.00   0.00   0.00   0.00   0.00
   1.37   2.28   0.00   0.00   0.00   0.00   0.00   0.00   0.00   0.00
   2.01   2.28   0.00   0.00   0.00   0.00   0.00   0.00   0.00   0.00
   1.35   1.83   0.00   0.00   0.00   0.00   0.00   0.00   0.00   0.00
   1.21   1.83   0.00   0.00   0.00   0.00   0.00   0.00   0.00   0.00
   1.88   1.83   0.00   0.00   0.00   0.00   0.00   0.00   0.00   0.00
   6.76   2.20   0.00   0.00   0.00   0.00   0.00   0.00   0.00   0.00
   4.73   2.20   0.00   0.00   0.00   0.00   0.00   0.00   0.00   0.00
   4.80   2.20   0.00   0.00   0.00   0.00   0.00   0.00   0.00   0.00
  12.98   2.76   0.00   0.00   0.00   0.00   0.00   0.00   0.00   0.00
  15.27   2.76   0.00   0.00   0.00   0.00   0.00   0.00   0.00   0.00
   0.13   0.04   0.00   0.00   0.00   0.00   0.00   0.00   0.00   0.00
   0.13   0.04   0.00   0.00   0.00   0.00   0.00   0.00   0.00   0.00
   0.13   0.04   0.00   0.00   0.00   0.00   0.00   0.00   0.00   0.00
   0.13   0.20   0.00   0.00   0.00   0.00   0.00   0.00   0.00   0.00
   0.13   0.04   0.00   0.00   0.00   0.00   0.00   0.00   0.00   0.00
   0.14   0.04   0.00   0.00   0.00   0.00   0.00   0.00   0.00   0.00
   0.08   0.24   0.00   0.00   0.00   0.00   0.00   0.00   0.00   0.00
   0.08   0.40   0.00   0.00   0.00   0.00   0.00   0.00   0.00   0.00
   0.06   0.00   0.00   0.00   0.00   0.00   0.00   0.00   0.00   0.00
   0.06   0.00   0.00   0.00   0.00   0.00   0.00   0.00   0.00   0.00
   0.07   0.00   0.00   0.00   0.00   0.00   0.00   0.00   0.00   0.00
   0.07   0.74   0.00   0.00   0.00   0.00   0.00   0.00   0.00   0.00
   0.07   0.74   0.00   0.00   0.00   0.00   0.00   0.00   0.00   0.00
   0.07   0.74   0.00   0.00   0.00   0.00   0.00   0.00   0.00   0.00
   0.22   0.72   0.00   0.00   0.00   0.00   0.00   0.00   0.00   0.00
   0.17   0.72   0.00   0.00   0.00   0.00   0.00   0.00   0.00   0.00
   0.22   0.72   0.00   0.00   0.00   0.00   0.00   0.00   0.00   0.00
   0.22   0.68   0.00   0.00   0.00   0.00   0.00   0.00   0.00   0.00
   0.22   0.68   0.00   0.00   0.00   0.00   0.00   0.00   0.00   0.00
   0.23   0.68   0.00   0.00   0.00   0.00   0.00   0.00   0.00   0.00
   0.35   0.61   0.00   0.00   0.00   0.00   0.00   0.00   0.00   0.00
   0.35   0.61   0.00   0.00   0.00   0.00   0.00   0.00   0.00   0.00
   0.28   0.61   0.00   0.00   0.00   0.00   0.00   0.00   0.00   0.00
   0.16   0.34   0.00   0.00   0.00   0.00   0.00   0.00   0.00   0.00
   0.23   0.38   0.00   0.00   0.00   0.00   0.00   0.00   0.00   0.00
   0.19   0.37   0.00   0.00   0.00   0.00   0.00   0.00   0.00   0.00
   0.17   0.45   0.00   0.00   0.00   0.00   0.00   0.00   0.00   0.00
   0.17   0.45   0.00   0.00   0.00   0.00   0.00   0.00   0.00   0.00
   0.17   0.45   0.00   0.00   0.00   0.00   0.00   0.00   0.00   0.00
   0.22   0.57   0.00   0.00   0.00   0.00   0.00   0.00   0.00   0.00
   0.26   0.57   0.00   0.00   0.00   0.00   0.00   0.00   0.00   0.00
   0.25   0.57   0.00   0.00   0.00   0.00   0.00   0.00   0.00   0.00
   0.30   0.58   0.00   0.00   0.00   0.00   0.00   0.00   0.00   0.00
   0.36   0.58   0.00   0.00   0.00   0.00   0.00   0.00   0.00   0.00
   0.33   0.58   0.00   0.00   0.00   0.00   0.00   0.00   0.00   0.00
   0.41   0.88   0.00   0.00   0.00   0.00   0.00   0.00   0.00   0.00
   0.43   0.88   0.00   0.00   0.00   0.00   0.00   0.00   0.00   0.00
   0.51   0.88   0.00   0.00   0.00   0.00   0.00   0.00   0.00   0.00
   0.73   0.67   0.00   0.00   0.00   0.00   0.00   0.00   0.00   0.00
   0.77   0.67   0.00   0.00   0.00   0.00   0.00   0.00   0.00   0.00
   0.71   0.67   0.00   0.00   0.00   0.00   0.00   0.00   0.00   0.00
   0.95   1.02   0.00   0.00   0.00   0.00   0.00   0.00   0.00   0.00
   1.16   1.02   0.00   0.00   0.00   0.00   0.00   0.00   0.00   0.00
   1.16   1.02   0.00   0.00   0.00   0.00   0.00   0.00   0.00   0.00
   1.34   1.02   0.00   0.00   0.00   0.00   0.00   0.00   0.00   0.00
   1.60   1.26   0.00   0.00   0.00   0.00   0.00   0.00   0.00   0.00
   1.54   1.26   0.00   0.00   0.00   0.00   0.00   0.00   0.00   0.00
   1.51   1.26   0.00   0.00   0.00   0.00   0.00   0.00   0.00   0.00
   2.61   1.91   4.06   0.00   0.00   0.00   0.00   0.00   0.00   0.00
   2.70   1.91   4.26   0.00   0.00   0.00   0.00   0.00   0.00   0.00
   2.45   1.91   3.09   0.00   0.00   0.00   0.00   0.00   0.00   0.00
   2.48   1.91   4.24   0.00   0.00   0.00   0.00   0.00   0.00   0.00
   3.92   1.71   0.00   0.00   0.00   0.00   0.00   0.00   0.00   0.00
   3.83   1.71   0.00   0.00   0.00   0.00   0.00   0.00   0.00   0.00
   3.67   1.71   0.00   0.00   0.00   0.00   0.00   0.00   0.00   0.00
   2.92   1.95   0.00   0.00   0.00   0.00   0.00   0.00   0.00   0.00
   4.14   1.95   0.00   0.00   0.00   0.00   0.00   0.00   0.00   0.00
   3.93   1.95   0.00   0.00   0.00   0.00   0.00   0.00   0.00   0.00
   3.28   1.95   0.00   0.00   0.00   0.00   0.00   0.00   0.00   0.00
   7.77   2.55   0.00   0.00   0.00   0.00   0.00   0.00   0.00   0.00
  10.18   2.55   0.00   0.00   0.00   0.00   0.00   0.00   0.00   0.00
   8.14   2.55   0.00   0.00   0.00   0.00   0.00   0.00   0.00   0.00
   7.45   2.35   0.00   0.00   0.00   0.00   0.00   0.00   0.00   0.00
   5.30   2.35   0.00   0.00   0.00   0.00   0.00   0.00   0.00   0.00
   7.61   2.35   0.00   0.00   0.00   0.00   0.00   0.00   0.00   0.00
  10.52   3.01   0.00   0.00   0.00   0.00   0.00   0.00   0.00   0.00
  10.26   3.01   0.00   0.00   0.00   0.00   0.00   0.00   0.00   0.00
  11.22   3.01   0.00   0.00   0.00   0.00   0.00   0.00   0.00   0.00
   9.51   3.05   0.00   0.00   0.00   0.00   0.00   0.00   0.00   0.00
   9.34   3.05   0.00   0.00   0.00   0.00   0.00   0.00   0.00   0.00
   8.59   3.05   0.00   0.00   0.00   0.00   0.00   0.00   0.00   0.00
   4.83   4.37   3.82   0.00   0.00   0.00   0.00   0.00   0.00   0.00
   4.13   4.37   3.82   0.00   0.00   0.00   0.00   0.00   0.00   0.00
   5.64   4.37   3.82   0.00   0.00   0.00   0.00   0.00   0.00   0.00
   9.15   3.61   3.18   0.00   0.00   0.00   0.00   0.00   0.00   0.00
   7.91   3.61   3.18   0.00   0.00   0.00   0.00   0.00   0.00   0.00
  10.88   3.61   3.18   0.00   0.00   0.00   0.00   0.00   0.00   0.00
   6.17   3.20   0.00   0.00   0.00   0.00   0.00   0.00   0.00   0.00
  14.60   3.20   0.00   0.00   0.00   0.00   0.00   0.00   0.00   0.00
  14.35   3.20   0.00   0.00   0.00   0.00   0.00   0.00   0.00   0.00
   5.06   4.72   4.10   0.00   0.00   0.00   0.00   0.00   0.00   0.00
   4.03   4.72   4.10   0.00   0.00   0.00   0.00   0.00   0.00   0.00
   8.56   4.72   4.10   0.00   0.00   0.00   0.00   0.00   0.00   0.00
   7.52   4.72   4.10   0.00   0.00   0.00   0.00   0.00   0.00   0.00
  14.40   5.47   4.71   0.00   0.00   0.00   0.00   0.00   0.00   0.00
  12.28   5.47   4.71   0.00   0.00   0.00   0.00   0.00   0.00   0.00
   9.40   5.47   4.71   0.00   0.00   0.00   0.00   0.00   0.00   0.00
   3.37   6.66   5.65   0.00   0.00   0.00   0.00   0.00   0.00   0.00
   5.73   6.66   5.65   0.00   0.00   0.00   0.00   0.00   0.00   0.00
   5.01   6.66   5.65   0.00   0.00   0.00   0.00   0.00   0.00   0.00
  10.57   4.03   0.00   0.00   0.00   0.00   0.00   0.00   0.00   0.00
  17.89   4.03   0.00   0.00   0.00   0.00   0.00   0.00   0.00   0.00
  20.64   4.03   0.00   0.00   0.00   0.00   0.00   0.00   0.00   0.00
  21.56   4.03   0.00   0.00   0.00   0.00   0.00   0.00   0.00   0.00
  16.58   4.03   0.00   0.00   0.00   0.00   0.00   0.00   0.00   0.00
  10.67   4.03   0.00   0.00   0.00   0.00   0.00   0.00   0.00   0.00
  15.27   9.42   0.00   0.00   0.00   0.00   0.00   0.00   0.00   0.00
  15.86   9.42   0.00   0.00   0.00   0.00   0.00   0.00   0.00   0.00
  16.42   9.42   0.00   0.00   0.00   0.00   0.00   0.00   0.00   0.00
  16.15   2.25   0.00   0.00   0.00   0.00   0.00   0.00   0.00   0.00
  13.85   2.25   0.00   0.00   0.00   0.00   0.00   0.00   0.00   0.00
   7.97   2.25   0.00   0.00   0.00   0.00   0.00   0.00   0.00   0.00
  20.04   8.14   6.78   0.00   0.00   0.00   0.00   0.00   0.00   0.00
  11.34   8.14   6.78   0.00   0.00   0.00   0.00   0.00   0.00   0.00
  31.31   8.14   6.78   0.00   0.00   0.00   0.00   0.00   0.00   0.00
   2.99   1.58   0.00   0.00   0.00   0.00   0.00   0.00   0.00   0.00
   1.12   1.58   0.00   0.00   0.00   0.00   0.00   0.00   0.00   0.00
   0.76   1.84   0.00   0.00   0.00   0.00   0.00   0.00   0.00   0.00
   2.47   0.45   0.00   0.00   0.00   0.00   0.00   0.00   0.00   0.00
   5.17   1.78   0.00   0.00   0.00   0.00   0.00   0.00   0.00   0.00
   5.61   0.45   0.00   0.00   0.00   0.00   0.00   0.00   0.00   0.00
   5.05   1.78   0.00   0.00   0.00   0.00   0.00   0.00   0.00   0.00
   0.70   0.45   0.00   0.00   0.00   0.00   0.00   0.00   0.00   0.00
   3.81   1.62   0.00   0.00   0.00   0.00   0.00   0.00   0.00   0.00
   0.30   0.12   0.00   0.00   0.00   0.00   0.00   0.00   0.00   0.00
   4.87   1.62   0.00   0.00   0.00   0.00   0.00   0.00   0.00   0.00
   0.72   0.12   0.00   0.00   0.00   0.00   0.00   0.00   0.00   0.00
   1.64   1.59   0.00   0.00   0.00   0.00   0.00   0.00   0.00   0.00
   4.60   0.12   0.00   0.00   0.00   0.00   0.00   0.00   0.00   0.00
   3.42   1.53   0.00   0.00   0.00   0.00   0.00   0.00   0.00   0.00
   1.52   0.12   0.00   0.00   0.00   0.00   0.00   0.00   0.00   0.00
   7.55   1.53   0.00   0.00   0.00   0.00   0.00   0.00   0.00   0.00
   5.02   0.14   0.00   0.00   0.00   0.00   0.00   0.00   0.00   0.00
   6.24   1.84   0.00   0.00   0.00   0.00   0.00   0.00   0.00   0.00
   2.28   0.14   0.00   0.00   0.00   0.00   0.00   0.00   0.00   0.00
   2.67   1.84   0.00   0.00   0.00   0.00   0.00   0.00   0.00   0.00
   2.49   0.14   0.00   0.00   0.00   0.00   0.00   0.00   0.00   0.00
   2.69   1.84   0.00   0.00   0.00   0.00   0.00   0.00   0.00   0.00
  11.38   0.14   0.00   0.00   0.00   0.00   0.00   0.00   0.00   0.00
   6.59   1.84   0.00   0.00   0.00   0.00   0.00   0.00   0.00   0.00
   2.99   0.14   0.00   0.00   0.00   0.00   0.00   0.00   0.00   0.00
   6.25   1.81   0.00   0.00   0.00   0.00   0.00   0.00   0.00   0.00
   2.99   0.14   0.00   0.00   0.00   0.00   0.00   0.00   0.00   0.00
   5.05   1.37   0.00   0.00   0.00   0.00   0.00   0.00   0.00   0.00
   0.70   0.19   0.00   0.00   0.00   0.00   0.00   0.00   0.00   0.00
   5.35   1.35   0.00   0.00   0.00   0.00   0.00   0.00   0.00   0.00
   1.87   0.19   0.00   0.00   0.00   0.00   0.00   0.00   0.00   0.00
   5.14   0.43   0.00   0.00   0.00   0.00   0.00   0.00   0.00   0.00
   0.91   0.19   0.00   0.00   0.00   0.00   0.00   0.00   0.00   0.00
   2.38   0.43   0.00   0.00   0.00   0.00   0.00   0.00   0.00   0.00
  24.18   0.19   0.00   0.00   0.00   0.00   0.00   0.00   0.00   0.00
   3.30   0.43   0.00   0.00   0.00   0.00   0.00   0.00   0.00   0.00
  13.74   0.19   0.00   0.00   0.00   0.00   0.00   0.00   0.00   0.00
  15.08   3.04   0.00   0.00   0.00   0.00   0.00   0.00   0.00   0.00
  11.41   0.19   0.00   0.00   0.00   0.00   0.00   0.00   0.00   0.00
  17.16   2.97   0.00   0.00   0.00   0.00   0.00   0.00   0.00   0.00
   2.45   0.41   0.00   0.00   0.00   0.00   0.00   0.00   0.00   0.00
  22.23   2.97   0.00   0.00   0.00   0.00   0.00   0.00   0.00   0.00
   0.99   0.41   0.00   0.00   0.00   0.00   0.00   0.00   0.00   0.00
   1.51   1.44   0.00   0.00   0.00   0.00   0.00   0.00   0.00   0.00
   0.46   0.41   0.00   0.00   0.00   0.00   0.00   0.00   0.00   0.00
   2.55   1.44   0.00   0.00   0.00   0.00   0.00   0.00   0.00   0.00
   9.01   0.41   0.00   0.00   0.00   0.00   0.00   0.00   0.00   0.00
   1.98   1.44   0.00   0.00   0.00   0.00   0.00   0.00   0.00   0.00
   2.16   0.41   0.00   0.00   0.00   0.00   0.00   0.00   0.00   0.00
   2.42   0.41   0.00   0.00   0.00   0.00   0.00   0.00   0.00   0.00
   1.49   1.38   0.00   0.00   0.00   0.00   0.00   0.00   0.00   0.00
   3.69   1.38   0.00   0.00   0.00   0.00   0.00   0.00   0.00   0.00
   0.67   1.38   0.00   0.00   0.00   0.00   0.00   0.00   0.00   0.00
   2.82   1.38   0.00   0.00   0.00   0.00   0.00   0.00   0.00   0.00
   0.81   1.23   0.00   0.00   0.00   0.00   0.00   0.00   0.00   0.00
   3.08   1.38   0.00   0.00   0.00   0.00   0.00   0.00   0.00   0.00
   1.73   1.23   0.00   0.00   0.00   0.00   0.00   0.00   0.00   0.00
  27.74   1.38   0.00   0.00   0.00   0.00   0.00   0.00   0.00   0.00
   6.21   2.65   0.00   0.00   0.00   0.00   0.00   0.00   0.00   0.00
  18.46   1.38   0.00   0.00   0.00   0.00   0.00   0.00   0.00   0.00
   1.75   2.65   0.00   0.00   0.00   0.00   0.00   0.00   0.00   0.00
  17.40   1.38   0.00   0.00   0.00   0.00   0.00   0.00   0.00   0.00
   4.60   2.65   0.00   0.00   0.00   0.00   0.00   0.00   0.00   0.00
   2.70   0.68   0.00   0.00   0.00   0.00   0.00   0.00   0.00   0.00
  20.79   2.65   0.00   0.00   0.00   0.00   0.00   0.00   0.00   0.00
   2.70   0.68   0.00   0.00   0.00   0.00   0.00   0.00   0.00   0.00
  24.40   2.65   0.00   0.00   0.00   0.00   0.00   0.00   0.00   0.00
   2.01   1.58   0.00   0.00   0.00   0.00   0.00   0.00   0.00   0.00
  23.85   2.65   0.00   0.00   0.00   0.00   0.00   0.00   0.00   0.00
   2.37   1.58   0.00   0.00   0.00   0.00   0.00   0.00   0.00   0.00
  23.75   2.65   0.00   0.00   0.00   0.00   0.00   0.00   0.00   0.00
   1.42   1.58   0.00   0.00   0.00   0.00   0.00   0.00   0.00   0.00
   6.74   2.28   0.00   0.00   0.00   0.00   0.00   0.00   0.00   0.00
   2.62   1.40   0.00   0.00   0.00   0.00   0.00   0.00   0.00   0.00
  10.63   2.28   0.00   0.00   0.00   0.00   0.00   0.00   0.00   0.00
   1.23   1.40   0.00   0.00   0.00   0.00   0.00   0.00   0.00   0.00
   8.99   2.28   0.00   0.00   0.00   0.00   0.00   0.00   0.00   0.00
   2.88   1.42   0.00   0.00   0.00   0.00   0.00   0.00   0.00   0.00
   8.99   2.28   0.00   0.00   0.00   0.00   0.00   0.00   0.00   0.00
   4.86   1.42   0.00   0.00   0.00   0.00   0.00   0.00   0.00   0.00
  20.88   2.28   0.00   0.00   0.00   0.00   0.00   0.00   0.00   0.00
   2.96   1.58   0.00   0.00   0.00   0.00   0.00   0.00   0.00   0.00
  29.87   2.31   0.00   0.00   0.00   0.00   0.00   0.00   0.00   0.00
   2.69   1.58   0.00   0.00   0.00   0.00   0.00   0.00   0.00   0.00
   0.30   0.33   0.00   0.00   0.00   0.00   0.00   0.00   0.00   0.00
   0.90   0.12   0.00   0.00   0.00   0.00   0.00   0.00   0.00   0.00
   0.10   0.05   0.00   0.00   0.00   0.00   0.00   0.00   0.00   0.00
   0.60   0.48   0.00   0.00   0.00   0.00   0.00   0.00   0.00   0.00
   0.10   0.19   0.00   0.00   0.00   0.00   0.00   0.00   0.00   0.00
   0.80   0.05   0.00   0.00   0.00   0.00   0.00   0.00   0.00   0.00
   0.10   0.84   0.00   0.00   0.00   0.00   0.00   0.00   0.00   0.00
   2.80   3.64   0.00   0.00   0.00   0.00   0.00   0.00   0.00   0.00
   0.50   0.64   0.00   0.00   0.00   0.00   0.00   0.00   0.00   0.00
    NaN    NaN    NaN   0.00   0.00   0.00   0.00   0.00   0.00   0.00
   0.30   0.47   0.00   0.00   0.00   0.00   0.00   0.00   0.00   0.00
   0.30   0.64   0.00   0.00   0.00   0.00   0.00   0.00   0.00   0.00
   0.30   0.53   0.00   0.00   0.00   0.00   0.00   0.00   0.00   0.00
   0.40   0.51   0.00   0.00   0.00   0.00   0.00   0.00   0.00   0.00
